0 0 0 0 0 0 0 1 0.043327 0.184186 0.772488 -4.30156 -6.39315 -5.7375 -5.23442 -4.8289 -5.41331 -5.77614 -2.98622 -5.07314 -2.16778 -3.65187 -5.88152 -5.5971 -5.83099 -5.36955 -5.33337 -4.41123 -2.54566 -7.21073 -5.22115 0.990601 0.00469925 0.00469925 0.25 0.75 0.25 0.75 4.156 0 0 
0.275 0.007 0 0.021 0.015 0.028 0 0.652 0 0.184398 0.81143 -4.4038 -7.09616 -4.65218 -4.09576 -6.47279 -4.6028 -5.11364 -5.60716 -2.03737 -4.59949 -6.57811 -4.55856 -5.25141 -5.00169 -2.25788 -4.76114 -4.36214 -4.94209 -7.75112 -5.86812 0.99305 0.00347524 0.00347524 0.25 0.75 0.25 0.75 5.655 0 0 
0.449 0.028 0 0.027 0.015 0.068 0.046 0.367 0.015993 0.455223 0.528784 -4.46272 -7.12028 -4.78226 -4.40272 -6.49981 -4.65898 -5.1482 -5.64883 -2.23996 -4.62487 -6.6173 -5.05569 -5.30654 -5.02322 -1.811 -5.03301 -4.42501 -4.99096 -7.66302 -5.88675 0.993437 0.00328138 0.00328138 0.25 0.75 0.25 0.75 5.995 0 0 
0.488 0.034 0 0.013 0.005 0.085 0.099 0.275 0 0.127096 0.871708 -3.1506 -6.69466 -4.46543 -3.1993 -5.83006 -4.71264 -5.46352 -3.92999 -3.94872 -3.3215 -5.00759 -4.65844 -5.29799 -4.58875 -4.18545 -4.65791 -3.7005 -3.61082 -7.83457 -5.77517 0.985959 0.0108924 0.00328515 0.325772 0.674243 0.25 0.75 5.988 1 0 
0.511 0.025 0 0.006 0.004 0.06 0.111 0.283 0.03969 0.41089 0.549419 -3.04769 -6.5382 -4.75135 -4.46273 -5.41409 -4.27959 -5.12819 -4.62675 -4.22596 -3.70427 -5.82552 -3.69737 -4.60689 -4.81054 -4.31674 -3.26868 -3.27797 -4.0942 -7.81395 -5.69029 0.972541 0.0241592 0.00327493 0.479496 0.520547 0.25 0.75 6.007 1.118 0 
0.743 0.011 0 0.002 0.002 0.022 0.07 0.15 0.250609 0.528787 0.220604 -4.09892 -6.77239 -4.68549 -4.50352 -5.60485 -4.74311 -1.48796 -5.59825 -3.66359 -4.54224 -6.52964 -4.882 -5.07234 -4.91251 -4.39365 -5.03828 -4.27166 -4.97956 -7.31191 -4.71298 0.993544 0.00322789 0.00322789 0.25 0.75 0.25 0.75 6.096 0 0 
0.801 0.012 0 0.001 0.007 0.047 0.016 0.116 0 0.113713 0.88473 -4.06571 -6.78385 -4.57855 -4.58516 -5.66921 -4.34129 -5.28301 -3.86273 -3.47833 -3.95265 -6.3245 -2.57043 -4.25695 -5.12454 -4.50639 -3.60635 -3.90124 -4.29566 -7.90636 -5.71963 0.993563 0.00321854 0.00321854 0.25 0.75 0.25 0.75 6.114 0 0 
0.903 0.014 0 0.001 0.001 0.032 0.007 0.042 0.067287 0.541771 0.390942 -3.11089 -6.67055 -4.7612 -3.61412 -5.04842 -4.63311 -4.85199 -3.7801 -4.18448 -2.86979 -5.3756 -5.12079 -5.38542 -4.68877 -4.04901 -4.59745 -4.24545 -3.57922 -7.55789 -5.19722 0.984058 0.0129532 0.00322061 0.250021 0.750031 0.25 0.75 6.11 1 0 
0.943 0.014 0 0.001 0.001 0.012 0.005 0.026 0.339905 0.472936 0.187159 -2.97858 -5.90602 -5.17843 -4.9003 -5.63784 -4.7823 -5.62645 -3.13534 -4.09084 -3.34773 -5.38506 -4.91027 -5.36369 -5.65594 -3.91863 -3.8027 -4.00628 -3.09453 -7.69448 -5.38468 0.993559 0.00322061 0.00322061 0.25 0.75 0.25 0.75 6.11 0 0 
0.949 0.013 0 0.001 0 0.01 0.002 0.025 0.346257 0.499172 0.154571 -4.11726 -7.29071 -3.92663 -1.24106 -6.72169 -4.58447 -5.2357 -5.7893 -4.27775 -4.84028 -6.7631 -4.9466 -5.22374 -4.9809 -4.75673 -4.94945 -4.44259 -4.99759 -8.34781 -6.15771 0.993599 0.00320051 0.00320051 0.25 0.75 0.25 0.75 6.149 0 0 
0.982 0.005 0 0 0 0.008 0.002 0.003 0.038448 0.51652 0.445032 -4.18105 -7.10511 -4.7435 -4.36081 -6.47249 -4.65729 -5.14046 -5.62597 -2.34551 -4.59975 -6.58986 -5.06098 -5.27707 -3.58386 -2.10454 -5.0188 -4.42629 -4.96203 -7.72879 -5.89563 0.993599 0.00320051 0.00320051 0.25 0.75 0.25 0.75 6.149 0 0 
0.982 0.004 0 0 0 0.009 0.002 0.003 0.1261 0.55399 0.31991 -4.24109 -7.00128 -4.49287 -3.81368 -6.1082 -4.71788 -4.48728 -5.326 -2.80461 -3.79775 -5.98364 -4.5531 -5.32969 -3.94293 -2.59165 -5.03635 -4.03303 -4.35269 -6.29109 -5.69661 0.993599 0.00320051 0.00320051 0.25 0.75 0.25 0.75 6.149 0 0 
0.986 0.002 0 0 0 0.007 0.001 0.003 0.383578 0.517778 0.098644 -4.55251 -6.98142 -4.96083 -4.60626 -5.77616 -4.73666 -5.08677 -5.62799 -3.89784 -4.54986 -6.60612 -4.94828 -5.42505 -4.89761 -1.38997 -5.13496 -4.53027 -5.00828 -7.079 -3.80828 0.993599 0.00320051 0.00320051 0.25 0.75 0.25 0.75 6.149 0 0 
0.995 0.001 0 0 0 0.002 0 0.001 0.15437 0.69151 0.15412 -4.49765 -7.02734 -4.93773 -4.55396 -6.36665 -4.70304 -5.19771 -5.10383 -3.63519 -4.4893 -5.80497 -5.17327 -5.37919 -4.85249 -1.33108 -5.1048 -4.48063 -4.61101 -7.47906 -5.8386 0.993598 0.00320102 0.00320102 0.25 0.75 0.25 0.75 6.148 0 0 
0.994 0.001 0 0 0 0.003 0 0.001 0 0.155554 0.840832 -3.71192 -6.9348 -3.01777 -2.93732 -5.95314 -4.20789 -5.10117 -5.50257 -3.60193 -4.23751 -6.04133 -4.30577 -5.23972 -4.32745 -3.96779 -3.98516 -3.86459 -4.63311 -7.97365 -5.51191 0.993598 0.00320102 0.00320102 0.25 0.75 0.25 0.75 6.148 0 0 
0.996 0.001 0 0 0 0.003 0 0 0 0.196351 0.801675 -3.59419 -6.91888 -4.27591 -3.72018 -6.32212 -4.37916 -4.80639 -5.32396 -3.03187 -4.45504 -6.57669 -3.5657 -5.26035 -4.13247 -2.71172 -4.31821 -4.29649 -4.87414 -7.8018 -5.53007 0.993598 0.00320102 0.00320102 0.25 0.75 0.25 0.75 6.148 0 0 
0.999 0 0 0 0 0.001 0 0 0.874199 0.117362 0 -4.60178 -6.71957 -5.92296 -4.94907 -4.49964 -5.70985 -5.96774 -2.0144 -5.29885 -2.26349 -3.50111 -6.10594 -5.88329 -6.05612 -5.6051 -5.60816 -4.67799 -3.43147 -7.31555 -5.32189 0.993717 0.00314169 0.00314169 0.25 0.75 0.25 0.75 6.266 0 0 
0.998 0 0 0 0 0.002 0 0 0.443199 0.37856 0.178241 -4.02337 -6.87319 -4.30838 -4.4093 -6.44193 -4.33307 -4.94211 -5.68885 -3.15317 -4.77227 -6.7136 -1.93932 -5.28517 -5.28542 -4.13909 -4.06517 -3.68835 -4.97008 -8.07273 -5.79886 0.993717 0.00314169 0.00314169 0.25 0.75 0.25 0.75 6.266 0 0 
0.979 0 0 0 0 0.021 0 0 0 0.20661 0.784727 -3.56725 -6.07834 -3.66258 -3.27594 -5.93283 -3.81478 -5.10805 -4.91157 -3.64552 -4.20189 -5.8857 -4.06079 -5.2586 -4.50571 -4.25608 -3.63636 -3.72765 -4.23424 -7.93917 -5.53231 0.993717 0.00314169 0.00314169 0.25 0.75 0.25 0.75 6.266 0 0 
0.985 0.001 0 0 0 0.012 0.001 0.002 0.381183 0.47138 0.147437 -3.52186 -4.11339 -4.908 -4.35585 -5.46442 -3.16208 -4.57097 -5.34585 -3.53806 -3.78631 -5.57273 -4.81995 -5.40125 -4.49064 -3.76939 -3.71004 -4.4614 -4.71703 -6.38888 -4.47077 0.993717 0.00314169 0.00314169 0.25 0.75 0.25 0.75 6.266 0 0 
0.996 0.002 0 0 0 0.001 0 0.001 0.846395 0.142475 0.01113 -4.78867 -5.32116 -6.08242 -5.68108 -2.35906 -5.79827 -5.5737 -3.01218 -5.49254 -2.4205 -4.99651 -6.12588 -6.04104 -6.20953 -5.71375 -5.70365 -4.60533 -3.73375 -5.77531 -3.44023 0.993717 0.00314169 0.00314169 0.25 0.75 0.25 0.75 6.266 0 0 
0.997 0.002 0 0 0 0.001 0 0 0 0.202897 0.793463 -3.66702 -5.972 -3.15345 -3.10841 -5.13759 -4.39372 -5.09706 -4.74766 -3.99148 -3.78461 -6.0506 -4.30537 -5.29887 -4.38784 -4.37237 -3.93923 -3.85396 -4.29906 -7.82575 -5.53133 0.993717 0.00314169 0.00314169 0.25 0.75 0.25 0.75 6.266 0 0 
0.995 0.002 0 0 0 0.003 0 0 0 0.34364 0.647989 -3.32505 -6.4393 -3.80793 -2.61338 -6.20179 -4.57494 -5.33986 -4.73086 -3.90975 -4.05662 -5.95161 -4.89262 -5.2132 -4.08781 -4.19416 -3.91937 -3.60213 -4.46822 -7.98861 -5.60393 0.993717 0.00314169 0.00314169 0.25 0.75 0.25 0.75 6.266 0 0 
0.987 0.007 0 0 0 0.006 0 0 0.8999 0.093992 0 -4.70767 -6.82932 -6.14658 -5.60278 -4.80092 -5.80282 -6.00972 -3.60062 -5.37703 -1.0325 -5.19442 -6.24339 -5.8436 -6.08407 -5.62971 -5.72555 -4.84391 -3.76893 -7.18524 -5.2869 0.98084 0.0163225 0.00314169 0.931818 0.0681818 0.25 0.75 6.266 1 0 
0.946 0.027 0 0 0 0.026 0 0 0.160594 0.576905 0.262501 -3.54779 -6.92988 -4.71151 -3.93704 -6.39068 -3.64579 -4.87184 -5.56502 -2.96639 -4.42915 -5.8903 -4.70247 -5.27488 -3.83381 -2.49768 -4.30076 -4.41745 -4.88984 -7.7983 -5.89333 0.993717 0.00314169 0.00314169 0.25 0.75 0.25 0.75 6.266 0 0 
0.767 0.031 0 0 0 0.199 0.002 0.002 0 0.121505 0.87151 -3.3133 -6.10599 -3.28267 -3.68481 -6.22311 -4.07432 -4.81351 -5.02507 -3.66616 -4.19054 -6.05976 -4.11205 -5.21046 -4.67959 -4.30766 -3.3951 -3.62203 -4.61806 -7.98363 -5.56016 0.993717 0.00314169 0.00314169 0.25 0.75 0.25 0.75 6.266 0 0 
0.564 0.027 0 0.002 0.004 0.342 0.046 0.015 0.39461 0.483873 0.121517 -4.19907 -5.25498 -5.72315 -5.04487 -4.89088 -5.42911 -5.54012 -3.41093 -4.94815 -1.703 -4.07435 -5.69939 -5.71365 -5.646 -5.1041 -5.11638 -4.23721 -3.34184 -7.33621 -5.37701 0.968131 0.00314169 0.0284108 0.25 0.75 0.25 0.75 6.266 0 0 
0.131 0.098 0 0.022 0.026 0.015 0.457 0.25 0.743327 0.206115 0.050558 -4.53398 -5.87354 -6.00703 -5.49709 -5.02885 -5.67287 -6.02473 -2.6695 -5.33079 -1.82972 -4.84839 -6.1348 -5.81468 -6.08712 -5.61464 -5.57443 -4.65366 -2.46996 -7.40906 -5.42561 0.938005 0.00316606 0.058575 0.25 0.75 0.0162022 0.983798 6.217 0 1.443 
0.143 0.143 0 0.023 0.021 0.06 0.048 0.561 0.069826 0.469443 0.460731 -4.24247 -7.24125 -5.03276 -4.50282 -5.15061 -4.42743 -5.68696 -5.33403 -4.87367 -4.25204 -6.70593 -5.51991 -1.21759 -5.31026 -5.18591 -4.73621 -4.21088 -4.87145 -8.17403 -5.95435 0.908823 0.0165195 0.0744448 0.0915748 0.908743 0.204305 0.795703 6.159 1.084 3.043 
0.172 0.259 0 0.019 0.013 0.1 0.082 0.355 0.020848 0.255805 0.723346 -3.09218 -5.51216 -4.10466 -3.91474 -6.11847 -3.35653 -5.4387 -5.08688 -4.11414 -4.1748 -5.99219 -4.65916 -3.83732 -4.55523 -4.93215 -3.61443 -3.40287 -4.2928 -7.9181 -5.2455 0.84849 0.00328839 0.148303 0.25 0.75 0.00632591 0.993674 5.982 0 3.852 
0.174 0.272 0 0.04 0.011 0.104 0.1 0.298 0.127041 0.447012 0.425947 -3.66504 -3.83212 -4.69655 -3.65956 -5.61368 -3.92796 -5.5843 -3.81103 -4.88989 -2.89466 -5.986 -4.4557 -4.71513 -5.66865 -5.19837 -3.85141 -3.98744 -3.73155 -7.62453 -5.20392 0.839191 0.0241362 0.136928 0.109962 0.89032 0.0051878 0.994812 5.906 1.548 4.719 
0.17 0.198 0 0.049 0.021 0.123 0.107 0.332 0.048044 0.542451 0.409505 -4.11238 -6.79229 -4.14427 -4.07382 -4.07428 -3.83855 -4.93339 -4.49926 -4.22888 -3.45064 -6.16088 -4.67549 -4.12412 -4.12305 -3.9741 -4.41514 -4.16654 -4.01634 -5.91761 -4.18905 0.921696 0.00338581 0.0751608 0.25 0.75 0.17783 0.822202 5.807 0 5.157 
0.146 0.165 0 0.043 0.008 0.175 0.132 0.332 0 0.295651 0.694908 -3.98273 -6.85282 -3.96544 -3.65311 -5.52457 -4.00743 -4.63829 -4.65412 -3.2906 -3.80891 -5.90879 -3.85194 -4.98657 -4.22361 -4.11901 -4.32632 -3.86298 -4.39367 -7.53843 -4.36448 0.957904 0.0203793 0.0217186 0.931818 0.0681818 0.136458 0.863464 5.937 1 4.975 
0.132 0.179 0 0.032 0.011 0.265 0.132 0.25 0 0.0798 0.91911 -4.02582 -5.76084 -3.16553 -3.7365 -6.28606 -3.56135 -5.06614 -5.32286 -3.77476 -4.2857 -6.47933 -4.42192 -5.22379 -3.92629 -4.06086 -3.6069 -3.77798 -3.83773 -7.98935 -5.8846 0.870122 0.0590891 0.0706427 0.343536 0.656465 0.206246 0.794094 5.783 2.357 4.881 
0.107 0.147 0 0.02 0.014 0.227 0.185 0.298 0 0.122344 0.873713 -4.02889 -6.87955 -3.29078 -3.8238 -6.13222 -4.01397 -4.15805 -4.93864 -3.72482 -3.90684 -5.57712 -4.64406 -4.25599 -3.75095 -4.26056 -3.8241 -3.64451 -4.71882 -7.91042 -5.73327 0.906167 0.0153378 0.0786253 0.931818 0.0681818 0.377651 0.62249 5.956 1 4.875 
0.078 0.092 0 0.01 0.008 0.14 0.15 0.521 0 0.322707 0.668858 -3.60756 -6.69625 -3.66507 -4.04726 -6.32607 -3.21288 -4.68893 -5.05714 -4.09944 -4.54264 -6.55227 -3.62671 -4.59199 -4.80132 -4.38364 -3.23481 -3.72096 -4.09454 -8.03613 -5.8682 0.890188 0.0766555 0.0329189 0.177881 0.822312 0.293963 0.706066 5.991 2.973 4.88 
0.078 0.078 0 0.014 0.011 0.445 0.159 0.215 0 0.163604 0.83212 -3.61577 -5.84832 -4.22576 -4.16336 -5.22991 -3.74095 -5.20547 -5.19498 -4.28989 -3.5913 -5.0572 -4.33188 -3.61103 -4.32752 -3.64854 -3.70001 -4.05154 -4.36164 -7.73336 -5.69686 0.928884 0.0300826 0.0410874 0.184969 0.815208 0.230488 0.76963 6.037 1.698 4.662 
0.055 0.065 0 0.014 0.007 0.442 0.186 0.231 0 0.103003 0.893277 -3.47771 -6.6961 -3.59229 -4.06833 -6.25656 -2.78156 -5.01712 -5.07275 -4.68525 -4.22978 -6.11479 -3.86817 -4.35517 -5.27493 -4.79162 -3.34367 -3.73424 -4.29309 -6.52782 -5.88524 0.965872 0.0311672 0.00328569 0.0515654 0.948176 0.379269 0.621002 5.987 2.03 4.536 
0.036 0.033 0 0.014 0.012 0.062 0.349 0.494 0 0.286693 0.706905 -3.63785 -5.99178 -4.32793 -4.26783 -5.00631 -4.1029 -5.11614 -5.17494 -3.67561 -3.90155 -6.34118 -4.40421 -4.15768 -4.46665 -3.58525 -3.52682 -3.67916 -3.82743 -7.65603 -5.24727 0.952123 0.0359781 0.0121297 0.257429 0.742611 0.549922 0.449883 6.055 2.208 3.955 
0.042 0.008 0 0.016 0.019 0.018 0.143 0.753 0.031014 0.478578 0.490408 -4.26751 -7.06836 -4.71877 -4.28519 -5.7635 -4.3841 -5.21909 -4.9414 -1.74128 -4.48062 -6.48878 -5.04898 -4.73908 -4.59653 -3.5088 -4.27488 -4.14672 -4.69653 -7.86416 -5.53105 0.956093 0.014703 0.0292297 0.250021 0.750031 0.00815927 0.991841 6.101 1 2.964 
0.061 0.024 0 0.011 0.025 0.033 0.096 0.75 0.087079 0.34305 0.569871 -3.64002 -6.7727 -4.93252 -4.66666 -5.51207 -4.92822 -5.39417 -4.38106 -4.51099 -2.44495 -4.07017 -4.66617 -3.34522 -4.73548 -4.26508 -4.4779 -3.95177 -4.00917 -7.64098 -5.63375 0.95872 0.0380412 0.00322581 0.0804632 0.919434 0.527823 0.472316 6.1 2.172 3.601 
0.07 0.022 0 0.002 0.013 0.031 0.14 0.723 0.047012 0.512155 0.440833 -4.09453 -6.79679 -2.6083 -3.36131 -6.54695 -4.2014 -4.95513 -5.73591 -4.21582 -4.82713 -6.75627 -3.67979 -4.91608 -5.29 -4.51795 -2.68973 -3.85354 -4.95729 -8.20227 -5.95503 0.954789 0.0318764 0.013438 0.0994154 0.900342 0.270505 0.729348 6.108 2.093 2.48 
0.931 0.018 0 0 0.001 0.03 0.009 0.011 0.097253 0.579722 0.323025 -4.31839 -7.13274 -4.66148 -4.32952 -6.37633 -4.68599 -4.94394 -5.09509 -1.56844 -4.34446 -6.48237 -4.34112 -5.27647 -4.67776 -3.73949 -4.97675 -4.07519 -4.5993 -7.99419 -5.88003 0.993559 0.00322061 0.00322061 0.25 0.75 0.253373 0.746548 6.11 0 2.394 
0.975 0.003 0 0 0 0.012 0.002 0.008 0.685142 0.24004 0.074819 -2.20458 -4.69823 -5.04313 -4.86552 -5.49097 -3.57435 -5.63633 -4.46062 -4.92029 -3.43522 -6.15745 -4.73888 -4.82951 -5.72305 -5.18864 -3.70941 -4.13945 -3.68281 -6.27708 -5.33373 0.993566 0.00321699 0.00321699 0.25 0.75 0.30759 0.692486 6.117 0 2.063 
0.991 0.001 0 0 0 0.002 0.002 0.004 0.017725 0.289158 0.693117 -3.28031 -6.62558 -3.55548 -3.22138 -6.17722 -4.34553 -5.02499 -4.92702 -4.61109 -4.17188 -5.52189 -5.07122 -5.16638 -4.84701 -4.72463 -3.20857 -3.05978 -3.83066 -8.05271 -5.89023 0.979484 0.0173713 0.00314663 0.250021 0.750031 0.956243 0.0437573 6.256 1 1.614 
0.996 0.001 0 0 0 0.002 0 0.001 0.394361 0.483838 0.121802 -4.45051 -6.58172 -5.77852 -5.34103 -5.03604 -5.52836 -5.9551 -2.09184 -4.9763 -2.96157 -4.45254 -5.94883 -5.73622 -5.67372 -5.50371 -5.40846 -3.76035 -2.39378 -7.57697 -5.51789 0.993716 0.00314218 0.00314218 0.25 0.75 0.25 0.75 6.265 0 0 
0.999 0 0 0 0 0 0 0 0.786087 0.181563 0.03235 -4.4432 -6.72595 -6.06109 -5.54147 -4.5485 -5.70389 -5.99225 -3.59169 -5.35316 -1.28198 -5.2677 -6.18277 -5.80879 -6.07699 -5.61607 -5.64643 -4.76465 -2.9557 -7.22059 -5.27411 0.993716 0.00314218 0.00314218 0.25 0.75 0.25 0.75 6.265 0 0 
1 0 0 0 0 0 0 0 0.0234 0.365141 0.611459 -3.74474 -6.95951 -3.59505 -2.87293 -5.88221 -3.85949 -4.97118 -5.28315 -3.58745 -4.45482 -6.56963 -4.52802 -5.24382 -3.59318 -3.79299 -4.33041 -3.69919 -4.68848 -7.94155 -5.60656 0.993716 0.00314218 0.00314218 0.25 0.75 0.25 0.75 6.265 0 0 
0.999 0 0 0 0 0.001 0 0 0.168472 0.596064 0.235464 -3.4164 -6.83433 -3.95026 -3.39463 -5.5597 -4.14914 -4.7965 -5.12318 -3.25589 -3.46423 -4.32498 -4.93688 -5.3269 -4.90206 -3.6419 -4.14613 -4.22588 -4.45747 -7.77211 -5.72205 0.993716 0.00314218 0.00314218 0.25 0.75 0.25 0.75 6.265 0 0 
0.998 0 0 0 0 0.001 0 0 0.891272 0.091196 0.017533 -1.93797 -5.70763 -4.9142 -4.72477 -6.14005 -4.19719 -5.60032 -4.70801 -4.78724 -4.26749 -6.29814 -5.26491 -5.04452 -5.61772 -5.08149 -3.50034 -2.85815 -3.90377 -8.06202 -5.93326 0.993716 0.00314218 0.00314218 0.25 0.75 0.25 0.75 6.265 0 0 
0.996 0.001 0 0 0 0.003 0 0 0.617688 0.333931 0.048381 -3.83115 -4.94076 -5.65723 -5.27341 -4.80379 -5.31049 -5.5237 -2.45498 -4.96528 -3.01183 -5.15981 -5.84261 -5.65939 -5.96727 -5.03617 -4.96063 -3.80315 -2.46676 -7.49282 -5.16626 0.993716 0.00314218 0.00314218 0.25 0.75 0.25 0.75 6.265 0 0 
0.998 0.001 0 0 0 0.001 0 0 0 0.143346 0.854122 -3.7458 -6.10025 -3.0296 -2.87461 -6.55608 -4.13182 -5.22156 -5.69909 -3.34383 -4.7645 -6.717 -3.50961 -5.25988 -4.22988 -3.89935 -4.23145 -4.36973 -4.74517 -8.14779 -5.99441 0.993712 0.00314416 0.00314416 0.25 0.75 0.25 0.75 6.261 0 0 
0.998 0.001 0 0 0 0.001 0 0 0.486046 0.455131 0.058824 -4.92069 -5.94944 -5.59176 -5.36257 -3.23265 -5.50817 -3.78072 -5.04519 -5.15701 -3.53552 -5.71096 -5.63517 -5.96818 -5.27538 -4.64913 -5.57476 -4.94305 -4.6673 -5.84058 -1.52565 0.993712 0.00314416 0.00314416 0.25 0.75 0.25 0.75 6.261 0 0 
0.999 0 0 0 0 0.001 0 0 0.803663 0.177062 0.019276 -4.54305 -6.64923 -6.01868 -5.51121 -5.09597 -5.73207 -6.05607 -1.76142 -5.3365 -2.5469 -4.29245 -6.13936 -5.87369 -6.11935 -5.64349 -5.58721 -4.61818 -2.75142 -7.49679 -5.48237 0.982857 0.00314416 0.0140828 0.25 0.75 0.25 0.75 6.261 0 0 
0.998 0.001 0 0 0 0.001 0 0 0 0.263934 0.72833 -4.32175 -7.04886 -4.50053 -3.633 -6.3001 -4.07901 -4.22747 -5.51079 -2.67502 -4.2867 -5.7063 -4.63165 -4.55277 -4.1089 -2.77192 -4.59696 -4.20182 -4.69527 -7.8109 -5.78462 0.986224 0.0109387 0.0031501 0.931818 0.0681818 0.0227273 0.977273 6.249 1 1 
0.996 0.001 0 0 0 0.003 0 0 0.069948 0.588805 0.341247 -4.1341 -6.18333 -4.14714 -3.19334 -4.44594 -4.33331 -4.26883 -5.04063 -3.94588 -3.96817 -5.45926 -4.42611 -5.37047 -4.06288 -4.35074 -3.87879 -3.86718 -4.49389 -7.22513 -3.83178 0.9937 0.0031501 0.0031501 0.25 0.75 0.0227273 0.977273 6.249 0 1 
0.983 0.001 0 0 0 0.01 0.002 0.004 0.747998 0.222778 0.029223 -4.67846 -6.80313 -6.02343 -5.52621 -4.70444 -5.71628 -5.94688 -3.40769 -5.31982 -1.18784 -4.84425 -5.79227 -5.81725 -5.72019 -5.57331 -5.66083 -4.6309 -3.77581 -6.3451 -5.25318 0.993595 0.00320256 0.00320256 0.25 0.75 0.931818 0.0681818 6.145 0 1 
0.935 0.007 0 0 0 0.048 0.003 0.006 0.034553 0.464417 0.50103 -4.40256 -7.08743 -4.37451 -2.97441 -6.20185 -4.70927 -4.34312 -4.97077 -3.0886 -3.88978 -6.41483 -4.823 -5.26397 -2.77876 -3.68666 -4.64678 -4.21117 -4.67263 -7.85833 -5.77637 0.993723 0.00313873 0.00313873 0.25 0.75 0.25 0.75 6.272 0 0 
0.751 0.018 0 0.001 0 0.19 0.017 0.024 0 0.088971 0.909549 -3.74033 -6.97043 -4.30353 -2.6518 -6.25127 -4.11217 -4.59931 -5.59816 -3.63418 -4.60381 -6.12104 -4.46833 -5.23971 -3.57148 -3.14733 -4.41557 -4.13552 -4.89406 -7.78872 -5.14437 0.993569 0.00321543 0.00321543 0.25 0.75 0.25 0.75 6.12 0 0 
0.604 0.019 0 0.001 0.001 0.296 0.032 0.047 0 0.20746 0.790374 -4.02602 -6.99611 -3.47544 -3.26422 -5.51374 -4.5678 -4.81433 -5.4787 -3.30749 -4.35026 -5.24265 -3.63875 -5.27426 -3.60801 -3.62629 -4.64684 -3.82112 -4.84114 -7.85908 -5.7402 0.993616 0.00319183 0.00319183 0.25 0.75 0.25 0.75 6.166 0 0 
0.255 0.016 0 0.003 0.003 0.319 0.204 0.201 0.045056 0.375602 0.579342 -3.78756 -5.64163 -5.18036 -4.08712 -5.49978 -4.39445 -5.70239 -3.05938 -4.63576 -2.92307 -5.25242 -4.42971 -5.53438 -5.73205 -4.53713 -4.96483 -3.98477 -2.619 -7.68724 -5.63846 0.993431 0.00328461 0.00328461 0.25 0.75 0.25 0.75 5.989 0 0 
0.135 0.009 0 0.003 0.007 0.177 0.001 0.667 0 0.099553 0.898667 -3.10356 -6.49646 -3.97705 -3.6754 -6.24583 -4.31765 -4.80674 -5.37995 -3.87658 -4.22628 -6.45403 -4.60633 -5.02218 -4.58431 -4.49321 -2.55693 -3.56096 -4.64144 -7.97549 -5.81951 0.993103 0.00344828 0.00344828 0.25 0.75 0.25 0.75 5.7 0 0 
0 0 0 0 0 0 0 1 0 0.078711 0.920255 -3.98258 -6.36482 -4.68689 -4.58315 -6.09633 -4.51387 -5.35825 -5.05707 -4.53606 -4.28943 -6.24289 -4.95487 -4.91672 -5.42781 -4.85171 -3.49629 -1.56118 -4.32532 -7.97848 -5.79644 0.992374 0.00381316 0.00381316 0.25 0.75 0.25 0.75 5.145 0 0 
