0 0 0 0 0 0 0 1 0.041817 0.155631 0.802552 -4.45422 -6.54831 -5.89335 -5.39025 -4.98449 -5.57616 -5.93118 -2.6509 -5.22596 -2.20975 -3.47558 -6.03382 -5.7575 -5.98797 -5.52499 -5.48643 -4.55655 -2.51634 -7.36892 -5.37598 0.992949 0.00352547 0.00352547 0.25 0.75 0.25 0.75 5.573 0 0 
0.148 0.003 0 0 0.002 0.005 0 0.842 0 0.25538 0.738951 -4.11599 -6.63259 -3.309 -3.3541 -6.47917 -4.05015 -5.30526 -5.62309 -4.49857 -4.72748 -6.6659 -3.85496 -5.07911 -4.95344 -4.49464 -2.27303 -3.53263 -4.84651 -8.12306 -5.95027 0.993515 0.00324254 0.00324254 0.25 0.75 0.25 0.75 6.068 0 0 
0.804 0.044 0 0 0.001 0.119 0.008 0.024 0.018764 0.137129 0.844107 -3.87677 -7.05653 -4.39601 -4.20905 -6.54745 -4.43392 -5.53648 -5.65059 -3.79431 -4.38838 -6.73594 -4.93734 -1.88028 -5.15356 -3.78354 -3.66075 -4.07718 -4.91456 -8.24779 -6.12639 0.993961 0.00301932 0.00301932 0.25 0.75 0.25 0.75 6.524 0 0 
0.881 0.044 0 0 0 0.069 0.001 0.005 0.317092 0.544659 0.138249 -5.03195 -6.6495 -5.97634 -5.68207 -2.09682 -5.78755 -4.8265 -4.56107 -5.4211 -3.0568 -5.84838 -5.98125 -6.16231 -6.17875 -4.66858 -5.79491 -5.07975 -4.50252 -5.01065 -2.07603 0.994128 0.002936 0.002936 0.25 0.75 0.25 0.75 6.712 0 0 
0.992 0.003 0 0 0 0.002 0 0.002 0.233825 0.564833 0.201342 -4.19371 -6.97508 -4.70932 -4.59131 -6.25412 -4.2916 -5.00954 -5.12868 -3.3575 -4.2831 -6.55678 -3.93839 -5.39497 -4.5625 -1.94614 -4.52564 -4.06223 -4.32802 -7.64816 -5.31824 0.994176 0.00291206 0.00291206 0.25 0.75 0.25 0.75 6.768 0 0 
0.995 0.003 0 0.001 0 0.001 0 0.001 0.167604 0.488815 0.343581 -3.97376 -6.8705 -4.08836 -4.0721 -5.84341 -4.5818 -4.72728 -3.97113 -3.21353 -3.66328 -6.22912 -5.06768 -5.40133 -3.52913 -3.93296 -4.11839 -4.13648 -3.56421 -6.29903 -4.9766 0.994171 0.0029146 0.0029146 0.25 0.75 0.25 0.75 6.762 0 0 
0.994 0.002 0 0.001 0 0.002 0 0.001 0.645036 0.304098 0.050866 -4.70429 -5.30103 -5.95442 -5.50019 -3.50824 -5.66517 -5.86582 -3.69048 -4.71833 -1.64044 -3.74109 -6.08939 -5.88564 -5.63629 -5.31622 -5.62456 -4.31222 -3.71903 -7.03855 -5.04052 0.994295 0.00285225 0.00285225 0.25 0.75 0.25 0.75 6.912 0 0 
0.989 0.003 0 0.002 0 0.005 0 0 0.909478 0.083522 0 -4.42108 -5.52082 -6.07655 -5.6095 -4.05941 -5.72815 -5.81463 -3.64475 -5.4149 -1.48049 -3.91261 -6.17462 -5.9284 -6.13407 -5.65945 -5.69639 -4.86819 -3.7358 -6.93303 -3.805 0.994313 0.00284374 0.00284374 0.25 0.75 0.25 0.75 6.933 0 0 
0.984 0.003 0 0.002 0 0.008 0.002 0.001 0.212617 0.564197 0.223186 -4.41282 -6.29716 -5.01906 -4.33238 -3.84165 -4.97935 -4.617 -3.75364 -4.75415 -2.26233 -5.25342 -4.40212 -5.732 -4.83083 -4.48277 -5.06985 -4.55155 -3.69382 -7.01803 -3.82277 0.994313 0.00284374 0.00284374 0.25 0.75 0.25 0.75 6.933 0 0 
0.959 0.003 0 0.003 0 0.029 0.002 0.004 0.062249 0.478628 0.459123 -4.42449 -6.17699 -3.82324 -3.03719 -6.0786 -4.51368 -4.85259 -4.87527 -3.31846 -4.44087 -6.12019 -4.0624 -5.3534 -4.09721 -3.712 -4.09025 -3.36242 -4.84535 -6.30039 -4.74492 0.98209 0.0152892 0.00284374 0.477294 0.522749 0.25 0.75 6.933 1 0 
0.898 0.006 0 0.002 0.001 0.046 0.022 0.024 0.766765 0.205549 0.027686 -4.64184 -6.74414 -6.11955 -5.60601 -4.86924 -5.82206 -6.11825 -1.90536 -5.42537 -2.07519 -5.09472 -6.23407 -5.93628 -6.19457 -5.7201 -5.6854 -4.72994 -2.79729 -7.47665 -5.4756 0.994375 0.00281254 0.00281254 0.25 0.75 0.25 0.75 7.011 0 0 
0.679 0.097 0 0.001 0.007 0.089 0.026 0.101 0.379849 0.447523 0.172628 -3.04774 -5.44974 -4.01721 -4.31483 -6.41619 -2.81949 -5.0246 -5.58177 -4.78811 -4.49384 -5.70047 -4.62163 -5.2205 -5.32069 -4.92169 -2.34883 -3.99734 -4.82486 -8.10076 -6.01446 0.994375 0.00281254 0.00281254 0.25 0.75 0.25 0.75 7.011 0 0 
0.214 0.121 0 0 0 0.585 0.066 0.014 0 0.084238 0.914566 -4.07749 -7.10589 -3.13517 -2.91797 -6.5136 -3.58031 -5.05937 -5.66792 -3.14254 -4.49247 -5.4985 -3.96095 -5.35598 -4.26841 -4.07196 -4.11447 -4.29662 -4.82001 -8.16855 -6.04136 0.994375 0.00281254 0.00281254 0.25 0.75 0.25 0.75 7.011 0 0 
0.116 0.112 0 0.001 0.001 0.662 0.048 0.06 0.013371 0.294051 0.692579 -3.73828 -6.0662 -3.49909 -2.78326 -6.52726 -3.68857 -4.98635 -5.70906 -3.74264 -4.62652 -6.13489 -3.11332 -5.34593 -4.23571 -4.26203 -4.04819 -4.4376 -4.78945 -8.16853 -6.00274 0.985531 0.00281254 0.0119565 0.25 0.75 0.25 0.75 7.011 0 0 
0.049 0.036 0 0.009 0.028 0.047 0.273 0.557 0.654924 0.304146 0.04093 -4.72871 -6.84395 -6.15392 -5.6236 -4.91766 -5.82206 -6.0585 -3.16325 -5.40968 -1.25518 -3.86455 -6.2627 -5.91431 -6.13108 -5.67756 -5.7433 -4.8485 -3.59966 -7.3006 -5.3844 0.985491 0.00283326 0.0115191 0.25 0.75 0.0227273 0.977273 6.959 0 1 
0.038 0.006 0 0.009 0.017 0.024 0.026 0.88 0.041118 0.449691 0.50919 -4.06065 -6.02714 -3.42358 -4.05524 -6.32535 -3.51566 -4.94057 -5.08332 -3.90708 -4.30137 -6.52205 -4.66379 -5.27507 -5.24654 -4.64452 -3.56199 -2.44192 -4.0389 -8.13048 -5.96965 0.994337 0.00283166 0.00283166 0.25 0.75 0.484926 0.515119 6.963 0 1.556 
0.842 0.044 0 0 0 0.029 0.059 0.025 0 0.123716 0.875429 -3.96653 -6.91936 -3.32875 -3.15037 -5.70437 -4.00243 -5.07605 -5.12484 -3.61115 -4.07529 -5.99782 -4.44332 -4.5875 -4.86677 -4.29872 -3.49068 -3.79941 -4.10316 -7.98323 -5.44879 0.994338 0.00283086 0.00283086 0.25 0.75 0.931818 0.0681818 6.965 0 1 
0.898 0.045 0 0 0 0.028 0.022 0.007 0 0.162171 0.836254 -4.05002 -7.1532 -2.58935 -2.56337 -5.59188 -4.25128 -5.11721 -5.77604 -3.87404 -4.82542 -6.79243 -4.38314 -4.88426 -4.58907 -3.80254 -4.34525 -3.93991 -4.84788 -8.14264 -5.97307 0.994375 0.00281254 0.00281254 0.25 0.75 0.25 0.75 7.011 0 0 
0.916 0.042 0 0 0.001 0.019 0.004 0.017 0.358069 0.498328 0.143603 -4.44789 -7.31971 -2.14234 -2.22492 -6.66082 -4.31706 -4.8468 -5.96656 -4.48396 -5.01494 -6.40935 -3.55567 -5.36681 -4.78 -4.9317 -4.97068 -4.36744 -5.20335 -8.34761 -5.64209 0.994375 0.00281254 0.00281254 0.25 0.75 0.25 0.75 7.011 0 0 
0.978 0.007 0 0.003 0 0.003 0.001 0.007 0.720203 0.248304 0.031492 -4.63251 -5.62317 -5.84385 -5.19256 -3.64516 -5.58864 -5.86016 -3.6033 -4.55241 -1.93977 -4.56193 -6.01642 -5.83135 -6.03489 -5.01455 -5.55001 -4.06222 -2.77509 -7.14256 -4.86512 0.994375 0.00281254 0.00281254 0.25 0.75 0.25 0.75 7.011 0 0 
0.99 0.003 0 0.003 0 0.001 0.001 0.002 0 0.167014 0.829979 -3.66587 -7.05487 -3.48936 -2.76174 -6.48575 -4.49159 -5.10796 -5.15939 -3.24047 -4.34343 -6.64278 -4.38229 -4.70527 -4.44485 -3.44122 -4.30434 -3.81241 -4.89751 -8.11835 -6.02919 0.994375 0.00281254 0.00281254 0.25 0.75 0.25 0.75 7.011 0 0 
0.99 0.003 0 0.004 0 0.002 0 0.001 0.027722 0.470175 0.502103 -3.70313 -5.88247 -3.65489 -3.9773 -6.15037 -4.19735 -4.65971 -4.97668 -3.59955 -3.97016 -5.71913 -4.15178 -5.31969 -3.86773 -4.08894 -3.34624 -3.80928 -4.24015 -7.92114 -5.44007 0.994375 0.00281254 0.00281254 0.25 0.75 0.25 0.75 7.011 0 0 
0.989 0.003 0 0.004 0 0.002 0 0.002 0.790028 0.189256 0.020715 -4.39444 -6.79292 -6.08415 -5.59825 -3.77035 -5.7356 -5.97121 -3.10242 -5.40685 -1.57042 -3.5014 -6.20577 -5.92033 -6.1322 -5.67697 -5.40376 -4.83161 -3.72668 -7.11616 -5.13318 0.994375 0.00281254 0.00281254 0.25 0.75 0.25 0.75 7.011 0 0 
0.984 0.006 0.001 0.005 0 0.003 0.001 0.001 0.135518 0.60602 0.258463 -4.2112 -7.13053 -4.86286 -4.50917 -6.31962 -4.5358 -5.34502 -4.81066 -1.6869 -3.889 -6.44702 -4.95534 -5.38555 -5.02178 -3.28885 -4.84348 -4.05225 -4.33587 -7.98449 -5.95847 0.994375 0.00281254 0.00281254 0.25 0.75 0.25 0.75 7.011 0 0 
0.974 0.007 0.001 0.005 0 0.011 0.001 0.001 0.355947 0.510067 0.133986 -4.705 -6.72337 -5.24464 -5.34448 -1.88754 -5.07875 -4.76679 -4.75752 -5.14776 -3.43175 -5.94423 -5.0779 -5.91892 -4.96744 -4.06142 -4.58662 -4.35263 -4.57042 -6.22322 -3.19968 0.984854 0.0121292 0.00281254 0.931818 0.0681818 0.25 0.75 7.011 1 0 
0.937 0.01 0.001 0.005 0 0.041 0.002 0.002 0.890368 0.102381 0 -4.02393 -5.91412 -5.8876 -5.47665 -3.95045 -5.5599 -5.73876 -3.77484 -5.33142 -1.5994 -4.55104 -5.68136 -5.84432 -5.22016 -5.57636 -5.28399 -4.82481 -3.65657 -6.93956 -3.72276 0.983502 0.00281254 0.0139689 0.25 0.75 0.25 0.75 7.011 0 0 
0.769 0.032 0.001 0.009 0.006 0.137 0.02 0.026 0.872861 0.118135 0 -3.93348 -2.31411 -5.76395 -5.47712 -4.21292 -5.19194 -5.77463 -4.54017 -5.3887 -2.42334 -5.26526 -5.87735 -5.82914 -6.13801 -5.5759 -3.98062 -4.49496 -3.63124 -7.12666 -4.36307 0.958117 0.0208798 0.0208174 0.38743 0.612469 0.0227273 0.977273 6.957 1.441 1 
0.557 0.172 0.001 0.008 0.002 0.225 0.022 0.011 0.066251 0.603053 0.330697 -3.66968 -5.4739 -4.93251 -4.42682 -6.07443 -3.64191 -4.87164 -4.9268 -2.9125 -3.66271 -5.97285 -5.04795 -5.09827 -4.27187 -3.35718 -3.85493 -3.88392 -4.26043 -6.82559 -5.42638 0.936638 0.0130594 0.050062 0.477294 0.522749 0.334829 0.665254 6.949 1 2.063 
0.279 0.187 0.001 0.006 0 0.381 0.109 0.037 0.027767 0.216789 0.755444 -3.70456 -6.33806 -2.11133 -3.73731 -6.46209 -2.97433 -4.64984 -5.87484 -4.25923 -4.71495 -6.89118 -4.21608 -5.10591 -5.12013 -4.32169 -4.75324 -4.41121 -4.89444 -8.1203 -5.17279 0.910003 0.0762255 0.0138883 0.67121 0.328588 0.692374 0.307534 6.939 3.297 3.331 
0.262 0.185 0.001 0.015 0.012 0.304 0.077 0.143 0.01658 0.32534 0.65808 -4.551 -5.55315 -3.52965 -3.75674 -4.6146 -4.94268 -3.41182 -4.3666 -3.38709 -3.49454 -6.27338 -5.01622 -5.20485 -4.8383 -4.34285 -4.98756 -3.95334 -3.96633 -6.50179 -4.2223 0.89944 0.0978765 0.00284374 0.814343 0.185566 0.968553 0.0314465 6.933 4.078 2.285 
0.153 0.015 0.001 0.022 0.04 0.06 0.304 0.404 0.684685 0.2753 0.040015 -4.30536 -6.01026 -5.90096 -5.19397 -4.9031 -5.64432 -6.02213 -2.02077 -5.32818 -2.13789 -4.77159 -5.70908 -5.85893 -5.62681 -5.62237 -5.5776 -4.29136 -3.20853 -7.49152 -5.49351 0.982151 0.0149281 0.00281254 0.931818 0.0681818 0.25 0.75 7.011 1 0 
0.056 0.023 0 0.013 0.009 0.068 0.061 0.77 0.082964 0.592165 0.324871 -4.04087 -7.08656 -4.18027 -4.56987 -6.61892 -2.72151 -5.25511 -5.51983 -4.43201 -4.38283 -6.83862 -4.46318 -2.10566 -5.33572 -4.52179 -3.86297 -4.08404 -5.02201 -8.30971 -6.19935 0.965424 0.0320288 0.00281254 0.378339 0.621658 0.25 0.75 7.011 2.276 0 
0.437 0.236 0 0.003 0.001 0.165 0.107 0.05 0 0.061749 0.938021 -3.49943 -6.94774 -3.90245 -3.6143 -5.88289 -4.5076 -4.7316 -5.23263 -3.17743 -4.08936 -6.53073 -4.70737 -4.25771 -4.17331 -3.14409 -4.03146 -4.34747 -4.22617 -7.88036 -5.46324 0.986887 0.00281254 0.0100468 0.25 0.75 0.25 0.75 7.011 0 0 
0.441 0.238 0 0.021 0.004 0.141 0.105 0.05 0 0.098066 0.901612 -3.21858 -5.79161 -4.51852 -3.58011 -6.57509 -2.46343 -4.80875 -5.72917 -3.8297 -4.79914 -6.76944 -4.76206 -5.06868 -5.05709 -3.46565 -3.72994 -3.86907 -4.81394 -8.06644 -6.07306 0.926412 0.0273464 0.0460784 0.290791 0.709084 0.0227273 0.977273 6.963 1.67 1 
0.441 0.227 0 0.045 0.008 0.072 0.051 0.156 0.019729 0.32833 0.651941 -4.07795 -7.03518 -3.75329 -3.35558 -6.24671 -4.07918 -5.00892 -4.3565 -2.90986 -3.9938 -5.91868 -4.76653 -4.77713 -4.58958 -3.40129 -4.74381 -3.9459 -3.95847 -7.99911 -5.9413 0.960744 0.0028393 0.0361171 0.25 0.75 0.438419 0.561529 6.944 0 2.974 
0.439 0.16 0 0.102 0.025 0.044 0.03 0.199 0.215654 0.57222 0.212125 -4.20284 -6.83191 -5.58445 -4.98551 -4.07994 -5.32324 -5.75682 -3.60024 -4.34525 -1.93875 -4.80724 -5.81837 -4.59102 -5.38982 -3.77958 -4.71091 -4.24993 -3.74591 -7.28722 -5.30832 0.973989 0.00286369 0.0230508 0.25 0.75 0.204002 0.796269 6.884 0 3.109 
0.366 0.106 0 0.124 0.008 0.131 0.066 0.199 0 0.11213 0.885429 -4.11074 -6.14919 -3.55778 -1.98171 -5.79892 -4.38542 -4.94307 -5.33556 -4.21607 -4.48089 -5.88452 -4.71079 -4.4581 -4.53865 -4.53396 -3.9401 -4.46896 -4.48435 -8.05203 -5.47387 0.994282 0.00285878 0.00285878 0.25 0.75 0.839825 0.160368 6.896 0 3.249 
0.306 0.093 0 0.12 0.013 0.184 0.063 0.22 0 0.070545 0.929108 -4.4125 -7.07594 -3.65594 -3.3784 -6.42564 -4.28413 -4.88268 -5.6655 -2.86635 -4.49056 -6.67807 -4.27256 -4.55097 -4.03649 -3.28561 -4.05144 -3.53814 -4.97436 -7.99317 -5.52894 0.906893 0.0236079 0.0696207 0.314966 0.684829 0.0227273 0.977273 6.952 1.569 1 
0.225 0.026 0 0.07 0.014 0.044 0.061 0.56 0.594312 0.350935 0.054753 -3.5879 -4.72307 -5.58461 -5.04851 -4.41803 -5.22676 -5.47493 -2.70408 -4.51257 -2.7503 -4.44399 -5.50679 -5.67972 -5.95745 -5.41516 -4.22475 -4.3665 -3.06286 -7.41098 -5.00199 0.965979 0.00287109 0.0313984 0.25 0.75 0.691745 0.308379 6.866 0 3.852 
0.183 0.013 0 0.026 0.008 0.043 0.273 0.453 0.027783 0.344915 0.627302 -4.00452 -5.74711 -4.083 -3.93176 -6.24667 -4.27596 -5.37396 -5.1882 -2.80991 -4.07885 -5.95289 -4.48138 -5.0183 -4.28057 -3.4454 -3.8144 -3.36494 -4.43305 -7.92926 -5.50225 0.978759 0.018546 0.00282446 0.325772 0.674243 0.976 0.024 6.981 1 3.025 
0.157 0.004 0 0.011 0.011 0.031 0.404 0.382 0.075432 0.445136 0.479432 -4.28161 -6.01557 -3.28037 -3.79767 -6.4987 -3.99899 -5.37349 -5.23727 -4.31566 -4.74782 -6.70244 -3.21798 -5.25103 -5.44525 -4.09867 -2.91662 -2.88701 -4.87572 -8.17055 -5.99984 0.994375 0.00281254 0.00281254 0.25 0.75 0.25 0.75 7.011 0 0 
0.936 0.004 0 0 0 0.022 0.013 0.025 0.930864 0.060867 0 -2.40857 -5.33314 -5.19753 -5.02473 -4.3653 -2.91016 -5.75001 -4.46678 -5.07544 -3.65049 -5.93314 -5.32358 -3.31827 -5.86023 -5.33779 -4.52378 -4.42878 -3.95287 -7.64038 -5.03435 0.994375 0.00281254 0.00281254 0.25 0.75 0.25 0.75 7.011 0 0 
0.982 0.002 0 0 0 0.011 0.002 0.003 0.332866 0.538602 0.128532 -3.94221 -5.49864 -5.3988 -4.50529 -4.14599 -4.26403 -4.57081 -3.93983 -4.68789 -2.21642 -5.09919 -5.41807 -5.01675 -5.22716 -4.20462 -4.82316 -4.05367 -3.74989 -7.28722 -4.82081 0.994375 0.00281254 0.00281254 0.25 0.75 0.25 0.75 7.011 0 0 
0.992 0.002 0 0 0 0.004 0.001 0.002 0.072578 0.419855 0.507567 -4.08399 -7.16782 -2.4885 -2.51932 -6.62879 -3.91222 -4.47403 -5.84103 -4.2267 -4.88309 -6.38145 -4.90859 -5.31 -3.73253 -4.49148 -4.25684 -3.94539 -5.08917 -8.2672 -6.04123 0.994375 0.00281254 0.00281254 0.25 0.75 0.25 0.75 7.011 0 0 
0.998 0.001 0 0 0 0.001 0 0 0.800188 0.173955 0.025858 -4.78388 -6.75295 -6.17743 -5.68605 -3.48006 -5.82538 -5.92223 -3.04542 -5.49284 -1.79768 -4.65843 -6.26179 -6.01723 -6.21511 -5.70664 -5.77216 -4.89209 -3.09877 -4.22288 -4.53696 0.97811 0.00281254 0.0190895 0.25 0.75 0.25 0.75 7.011 0 0 
0.999 0 0 0 0 0.001 0 0 0.846703 0.14206 0.011237 -4.71983 -5.64444 -6.22164 -5.82163 -1.70288 -5.91134 -5.66603 -3.53508 -5.64375 -2.5985 -5.01066 -6.26065 -6.17077 -6.33457 -5.86229 -5.83322 -4.80182 -3.68002 -5.76232 -4.11423 0.994355 0.00282247 0.00282247 0.25 0.75 0.0195925 0.980408 6.986 0 1.176 
0.998 0 0 0 0 0.001 0 0 0.032171 0.416284 0.551546 -4.17445 -6.02848 -4.30805 -3.66213 -5.80055 -4.86999 -4.92633 -4.18238 -4.1289 -3.12911 -5.80532 -4.3953 -5.43699 -4.24508 -3.77184 -3.93999 -3.57947 -3.44159 -7.73616 -5.14288 0.994355 0.00282247 0.00282247 0.25 0.75 0.0195925 0.980408 6.986 0 1.176 
0.998 0 0 0 0 0.002 0 0 0.216825 0.670261 0.112914 -3.2411 -5.01454 -4.93366 -3.28684 -4.68442 -4.71719 -4.18371 -4.56976 -3.79461 -3.49226 -5.10112 -5.40373 -5.48467 -4.18557 -4.44574 -4.99434 -4.17483 -3.95779 -5.7151 -4.34739 0.994355 0.00282247 0.00282247 0.25 0.75 0.941223 0.0587774 6.986 0 1.176 
0.994 0.002 0 0 0 0.003 0 0.001 0.901647 0.086864 0.011489 -4.75224 -6.87548 -6.14647 -5.62205 -4.70055 -5.80951 -6.03291 -3.9427 -5.40587 -1.13609 -3.61372 -6.26235 -5.4342 -6.11476 -5.66749 -5.75045 -4.88198 -3.88079 -7.2414 -5.33221 0.980802 0.00281254 0.0162461 0.25 0.75 0.25 0.75 7.011 0 0 
0.978 0.003 0 0 0 0.017 0.001 0.001 0.194499 0.696807 0.108693 -4.2855 -5.98679 -3.9832 -1.6622 -6.28401 -4.74744 -4.82324 -5.02897 -3.90952 -4.28922 -5.96524 -5.10226 -5.36744 -4.1172 -4.26135 -4.94202 -4.54183 -4.90895 -7.99735 -5.1323 0.994348 0.00282606 0.00282606 0.25 0.75 0.0227273 0.977273 6.977 0 1 
0.917 0.004 0 0 0 0.073 0.002 0.003 0 0.136355 0.857039 -4.08733 -7.15479 -3.74393 -2.91438 -6.46328 -4.63387 -4.63242 -5.71998 -2.54645 -4.73609 -6.22813 -3.78864 -5.3318 -3.94588 -3.56855 -4.59983 -4.29835 -5.02494 -8.03415 -5.57544 0.994348 0.00282606 0.00282606 0.25 0.75 0.931818 0.0681818 6.977 0 1 
0.227 0.005 0 0 0 0.741 0.017 0.01 0.020835 0.476656 0.502509 -4.13766 -6.11658 -4.21332 -3.67474 -5.92365 -4.57355 -4.33253 -4.81862 -3.22581 -3.24743 -4.93216 -4.28964 -5.44738 -4.04387 -3.29852 -4.46456 -4.41075 -4.27002 -7.73554 -5.40537 0.994331 0.00283447 0.00283447 0.25 0.75 0.25 0.75 6.956 0 0 
0.032 0.007 0 0.001 0.001 0.835 0.06 0.065 0.04087 0.231227 0.727903 -3.89991 -6.2935 -3.11147 -3.81773 -6.55218 -2.07099 -5.19989 -5.88458 -4.32328 -4.75193 -5.61626 -3.42264 -5.48429 -4.91935 -4.32559 -4.95972 -4.33034 -5.15435 -8.11479 -5.58067 0.994331 0.00283447 0.00283447 0.25 0.75 0.25 0.75 6.956 0 0 
0.014 0.007 0 0.031 0.02 0.105 0.462 0.361 0.079299 0.562163 0.358538 -4.44776 -5.63853 -4.97456 -4.63905 -4.6992 -5.23991 -5.2423 -3.71528 -2.96969 -2.35137 -5.18812 -5.33921 -5.66247 -5.17526 -4.24341 -5.37443 -4.2983 -3.56568 -7.30291 -4.21782 0.994331 0.00283447 0.00283447 0.25 0.75 0.25 0.75 6.956 0 0 
0.009 0.002 0 0.05 0.149 0.032 0.22 0.537 0.437248 0.439353 0.123399 -4.66311 -5.43044 -6.10091 -5.60787 -5.02928 -5.77368 -6.04751 -2.18379 -5.42048 -1.90036 -4.75462 -6.20634 -5.93744 -6.17759 -5.68492 -5.66556 -4.54841 -3.13919 -5.66351 -5.04765 0.986166 0.011236 0.00283447 0.477294 0.522749 0.25 0.75 6.956 1 0 
0.001 0.001 0 0.028 0.023 0.005 0.089 0.853 0.141279 0.409765 0.448955 -3.89187 -5.65304 -3.58698 -3.96553 -6.52693 -2.75257 -4.6328 -5.73965 -3.92769 -4.66318 -6.7709 -4.07414 -5.29142 -5.22752 -4.40664 -2.82723 -3.60567 -4.97648 -8.12077 -5.99866 0.962073 0.0351135 0.00283447 0.30835 0.691636 0.25 0.75 6.956 2.017 0 
0.025 0.03 0 0.003 0.001 0.855 0.052 0.034 0 0.097553 0.900478 -3.82493 -5.99096 -4.08246 -2.829 -6.14889 -4.79427 -5.27803 -4.99154 -3.8004 -4.01246 -6.53556 -5.0092 -2.74735 -4.64479 -4.46354 -4.40872 -4.2378 -4.0336 -7.98472 -4.98354 0.982783 0.0146993 0.00283447 0.477294 0.522749 0.25 0.75 6.956 1 0 
0.028 0.03 0 0.001 0.001 0.852 0.062 0.026 0.027863 0.196434 0.775702 -4.22023 -7.04278 -2.46409 -3.39807 -6.6322 -2.88019 -5.42984 -5.42143 -4.23081 -4.5952 -6.8107 -3.70121 -5.37371 -5.4499 -4.76413 -3.91685 -3.66798 -4.5531 -8.32389 -6.14478 0.994331 0.00283447 0.00283447 0.25 0.75 0.25 0.75 6.956 0 0 
0.102 0.021 0 0.001 0.007 0.021 0.071 0.777 0.37768 0.505817 0.116503 -4.46713 -6.24382 -2.49155 -4.16134 -6.5783 -4.38782 -4.60212 -5.90619 -3.65975 -4.78487 -6.89576 -2.1411 -5.39947 -5.33726 -4.38968 -4.34318 -4.39224 -5.18046 -8.23173 -5.892 0.978068 0.00283447 0.0193482 0.25 0.75 0.25 0.75 6.956 0 0 
0.771 0.045 0 0.001 0.003 0.058 0.014 0.11 0.657914 0.294907 0.047179 -4.50499 -6.07765 -5.34307 -5.3901 -4.20506 -4.80195 -5.84083 -3.98008 -5.26397 -1.73179 -5.27315 -5.93953 -4.80672 -6.03336 -5.26742 -5.46088 -3.60167 -3.08152 -7.21048 -4.45721 0.994352 0.00282406 0.00282406 0.25 0.75 0.0195925 0.980408 6.982 0 1.176 
0.925 0.046 0 0.001 0 0.021 0.003 0.003 0 0.132253 0.865254 -3.94547 -5.95379 -3.20619 -3.44493 -4.64474 -3.77026 -5.1155 -5.5596 -3.87782 -4.42336 -6.0938 -4.44247 -5.3255 -4.8415 -3.8758 -3.11867 -3.72589 -4.75862 -7.81114 -5.69276 0.994352 0.00282406 0.00282406 0.25 0.75 0.0195925 0.980408 6.982 0 1.176 
0.944 0.046 0 0.001 0 0.007 0.001 0.001 0.17955 0.714953 0.105497 -4.14495 -6.74905 -4.87786 -4.93373 -2.93898 -5.04927 -5.00143 -3.9288 -4.53024 -2.62377 -5.35899 -5.47767 -5.04567 -4.9617 -4.86751 -4.87446 -4.5623 -3.60812 -6.69732 -3.38823 0.994352 0.00282406 0.00282406 0.25 0.75 0.941223 0.0587774 6.982 0 1.176 
0.997 0.002 0 0 0 0.001 0 0 1 0 0 -4.75549 -6.84274 -6.19357 -5.6645 -4.12741 -5.8592 -6.04037 -3.32831 -5.45181 -1.17447 -5.29993 -6.29022 -5.92521 -6.16645 -5.7087 -5.7739 -4.88363 -3.45546 -7.16263 -5.21158 0.994331 0.00283447 0.00283447 0.25 0.75 0.25 0.75 6.956 0 0 
0.999 0.001 0 0 0 0 0 0 0.04278 0.531143 0.426077 -3.35213 -6.2641 -4.77268 -2.91137 -5.50705 -4.33872 -5.19887 -4.41753 -3.21298 -3.66734 -5.38184 -5.31728 -5.38567 -4.88011 -4.30436 -4.2837 -3.94984 -3.53137 -7.86688 -5.46066 0.994331 0.00283447 0.00283447 0.25 0.75 0.25 0.75 6.956 0 0 
0.999 0.001 0 0 0 0.001 0 0 0 0.230104 0.764164 -4.43956 -6.16404 -3.04159 -2.61877 -5.74864 -4.67043 -3.84575 -5.16592 -3.65825 -4.48654 -6.64401 -4.44872 -5.36248 -4.1206 -4.18495 -4.25692 -3.9854 -4.63071 -7.92245 -5.26674 0.994331 0.00283447 0.00283447 0.25 0.75 0.25 0.75 6.956 0 0 
0.998 0.001 0 0 0 0.002 0 0 0.84426 0.146477 0 -4.29322 -5.48118 -5.58182 -5.46497 -4.36844 -4.84116 -5.96313 -2.64969 -5.09591 -1.88442 -4.51551 -5.68853 -5.84361 -6.09015 -5.58986 -4.92886 -4.53419 -3.41358 -6.29607 -5.33124 0.994331 0.00283447 0.00283447 0.25 0.75 0.25 0.75 6.956 0 0 
0.992 0.003 0 0 0 0.004 0 0 0.935161 0.061594 0 -4.76163 -4.80988 -6.18059 -5.68662 -3.32367 -5.81031 -5.93862 -4.06032 -5.48002 -1.3505 -4.20495 -6.261 -5.9774 -6.18295 -5.7193 -5.74619 -4.90883 -3.71101 -6.93294 -4.94368 0.967375 0.029716 0.00283447 0.241967 0.757944 0.25 0.75 6.956 1.75 0 
0.945 0.011 0 0.001 0 0.042 0.001 0 0 0.320703 0.671287 -4.21815 -5.72364 -4.07297 -3.11808 -5.56334 -4.11426 -5.00004 -5.45525 -3.33875 -4.24697 -6.00741 -4.564 -5.43562 -3.95688 -3.21098 -4.72157 -4.07851 -4.28888 -7.49045 -3.99775 0.986166 0.0107444 0.00283447 0.477294 0.522749 0.25 0.75 6.956 1 0 
0.822 0.013 0 0.001 0 0.163 0.001 0.002 0.016902 0.217124 0.765974 -3.88753 -6.14919 -4.03762 -3.91693 -5.95276 -4.39906 -4.96432 -4.36339 -3.42621 -3.81398 -6.03776 -4.28088 -5.14407 -4.44534 -3.7772 -3.41847 -3.5493 -4.4851 -6.45448 -4.86334 0.994331 0.00283447 0.00283447 0.25 0.75 0.25 0.75 6.956 0 0 
0.304 0.008 0 0.001 0.001 0.479 0.11 0.097 0.650098 0.309569 0.040334 -3.97302 -5.22757 -5.84177 -5.24573 -4.57634 -5.52352 -5.98013 -2.11314 -5.01586 -2.49289 -4.81355 -6.03162 -5.81369 -5.44255 -5.56661 -5.18086 -4.41497 -2.94612 -7.47392 -5.44876 0.982783 0.014351 0.00283447 0.931818 0.0681818 0.25 0.75 6.956 1 0 
0.036 0.006 0 0.001 0.007 0.595 0.052 0.302 0 0.18634 0.805102 -4.10929 -6.32902 -3.82291 -3.89709 -6.61431 -2.31543 -4.48011 -5.88641 -3.61285 -4.91519 -6.21295 -3.38194 -5.42512 -5.01605 -3.68523 -4.03576 -4.19887 -5.14036 -8.08532 -6.01416 0.966703 0.00283889 0.0305331 0.25 0.75 0.25 0.75 6.945 0 0 
0.281 0.009 0 0.001 0.002 0.026 0.068 0.613 0.155409 0.693612 0.150979 -4.39515 -5.23328 -4.9857 -4.48781 -6.31028 -4.77477 -5.00048 -5.5689 -3.45302 -4.09617 -6.59474 -5.02107 -5.45433 -4.69208 -1.48946 -4.97389 -4.55061 -4.73741 -7.54639 -5.53548 0.983443 0.00284252 0.0134615 0.25 0.75 0.961696 0.0383044 6.936 0 1.858 
0.858 0.019 0 0.001 0.001 0.049 0.019 0.053 0.027399 0.329762 0.642838 -4.2373 -6.95133 -4.51042 -4.05073 -4.84696 -4.48381 -4.21975 -4.06065 -3.78193 -3.61029 -5.90548 -4.08542 -3.41427 -4.73114 -3.77064 -4.67598 -3.66791 -4.21953 -7.63593 -4.98906 0.975372 0.00284051 0.0220206 0.25 0.75 0.931818 0.0681818 6.941 0 1 
0.877 0.018 0 0.001 0.001 0.043 0.004 0.056 0.291754 0.516636 0.191609 -3.95666 -6.28507 -1.58716 -3.77172 -6.57357 -4.46757 -5.03016 -5.86829 -4.36321 -4.94532 -6.11616 -4.53114 -4.64377 -4.91287 -4.33116 -4.5179 -4.47337 -4.74561 -8.30456 -5.4988 0.994319 0.00284051 0.00284051 0.25 0.75 0.955908 0.0440917 6.941 0 1.601 
0.98 0.012 0 0 0 0.006 0 0.001 1 0 0 -4.76838 -6.85172 -6.16221 -5.64812 -4.46012 -5.82139 -5.97826 -3.84491 -5.43773 -1.14774 -5.02978 -6.26483 -5.38977 -6.14667 -5.67624 -5.76272 -4.90161 -3.55609 -5.67055 -4.64679 0.994322 0.00283889 0.00283889 0.25 0.75 0.25 0.75 6.945 0 0 
0.988 0.009 0 0.001 0 0.003 0 0 0.559944 0.3823 0.057757 -3.07958 -5.94006 -5.46344 -4.77052 -5.44113 -5.11742 -5.82318 -3.39841 -4.48258 -2.47539 -5.45098 -5.15259 -5.57899 -5.1204 -4.91421 -5.11005 -4.43087 -2.49909 -7.66094 -5.29158 0.986157 0.0109654 0.00283889 0.931818 0.0681818 0.25 0.75 6.945 1 0 
0.982 0.009 0 0.001 0 0.008 0 0 0 0.092182 0.90685 -4.08277 -7.05388 -4.02198 -3.18926 -6.30118 -4.51416 -5.0434 -4.90281 -2.7015 -4.3469 -6.59393 -3.86639 -4.9671 -4.7591 -3.35813 -4.40649 -3.67486 -4.87496 -6.36514 -5.52731 0.975375 0.0215724 0.00283889 0.541008 0.458955 0.25 0.75 6.945 1.685 0 
0.975 0.009 0 0.001 0 0.015 0 0.001 0.069993 0.631794 0.298213 -4.38174 -7.00932 -4.08341 -3.58588 -5.26366 -4.95715 -5.10871 -3.87431 -2.76825 -3.40129 -4.92694 -4.64301 -5.52717 -4.97679 -3.62612 -5.21 -4.17365 -4.16074 -7.48455 -4.1895 0.994322 0.00283889 0.00283889 0.25 0.75 0.25 0.75 6.945 0 0 
0.964 0.005 0 0.001 0.001 0.012 0.005 0.012 0.922241 0.070909 0 -4.09306 -6.61425 -5.97698 -5.49712 -4.55507 -5.62387 -6.06736 -2.40559 -5.3711 -2.4405 -4.92594 -6.13633 -5.84085 -6.14778 -5.66926 -5.56472 -4.64905 -2.12336 -7.50306 -5.45007 0.98281 0.0140543 0.00282087 0.174257 0.825785 0.25 0.75 6.99 1 0 
0.932 0.008 0 0 0 0.042 0.004 0.014 0 0.289596 0.704361 -4.30941 -7.09941 -3.31575 -2.51472 -5.73425 -4.46666 -5.0113 -4.98355 -3.57056 -3.95595 -6.52776 -4.34809 -5.35998 -4.15428 -3.76933 -4.27352 -4.20566 -4.30551 -8.00969 -5.89614 0.994257 0.0028715 0.0028715 0.25 0.75 0.25 0.75 6.865 0 0 
0.91 0.008 0 0 0 0.057 0.01 0.014 0 0.192974 0.80423 -3.96667 -6.18865 -3.10122 -2.74412 -6.34908 -4.59759 -5.00885 -5.27369 -3.40007 -4.72098 -6.69529 -3.86324 -4.93281 -4.03001 -4.0538 -4.61958 -3.73056 -4.94957 -8.01465 -5.13233 0.994212 0.00289394 0.00289394 0.25 0.75 0.25 0.75 6.811 0 0 
0.872 0.003 0 0.002 0 0.032 0.043 0.047 0.651214 0.304772 0.044014 -4.86813 -4.94348 -5.68348 -5.18123 -2.71737 -5.50489 -5.07524 -4.95716 -5.37042 -3.35409 -5.34467 -5.12169 -6.0007 -6.10842 -5.54334 -4.68745 -4.31066 -4.58527 -4.91761 -1.88791 0.981932 0.0150422 0.00292526 0.204556 0.795429 0.25 0.75 6.737 1 0 
0.91 0.006 0 0.013 0.001 0.009 0.012 0.049 0.043288 0.462999 0.493713 -4.42643 -7.17708 -4.0369 -2.40179 -6.41646 -4.70444 -4.69352 -5.56436 -2.86806 -4.57316 -5.15916 -5.05814 -5.31773 -3.66763 -3.32516 -4.58703 -4.4708 -4.68862 -8.00187 -5.93883 0.973829 0.0230846 0.00294811 0.152647 0.847623 0.25 0.75 6.684 1 0 
0.927 0.008 0 0.02 0.001 0.007 0.007 0.031 0 0.285791 0.70877 -3.89452 -6.80283 -4.21628 -3.36078 -4.8456 -4.70182 -5.01566 -4.81806 -4.01274 -3.35701 -5.67912 -4.66304 -5.28805 -3.89242 -3.97896 -3.47478 -3.30981 -4.5922 -7.69741 -5.61515 0.994007 0.00299625 0.00299625 0.25 0.75 0.25 0.75 6.575 0 0 
0.925 0.007 0 0.021 0.001 0.009 0.005 0.032 0 0.241405 0.754548 -4.03595 -7.08117 -3.7525 -2.99827 -6.21735 -4.66809 -4.02063 -5.23788 -2.65214 -4.61215 -6.59549 -4.72326 -5.29253 -3.74277 -3.67332 -4.98736 -3.89666 -4.91101 -7.84072 -5.04946 0.993927 0.00303674 0.00303674 0.25 0.75 0.25 0.75 6.486 0 0 
0.901 0.009 0 0.021 0.001 0.021 0.007 0.04 0.065542 0.603776 0.330682 -4.05241 -6.70774 -5.24187 -4.48355 -4.13459 -5.06993 -3.5637 -4.35512 -4.06075 -2.67708 -5.32233 -5.49405 -5.59759 -5.02605 -4.07553 -4.38435 -4.62662 -3.90697 -4.11322 -4.15349 0.993603 0.00319846 0.00319846 0.25 0.75 0.25 0.75 6.153 0 0 
0.853 0.026 0 0.021 0.001 0.03 0.009 0.06 0 0.163178 0.828407 -4.35087 -7.03539 -3.54327 -2.95096 -6.28229 -4.49912 -3.91263 -5.56693 -4.28824 -4.59527 -6.57013 -3.18435 -5.22321 -2.70648 -4.61154 -4.88577 -4.36163 -4.47546 -7.92749 -5.67194 0.993258 0.00337098 0.00337098 0.25 0.75 0.25 0.75 5.833 0 0 
0.818 0.032 0 0.017 0.001 0.048 0.014 0.07 0 0.10447 0.893735 -3.93474 -6.87913 -3.84944 -3.02731 -6.06669 -4.46759 -2.85564 -5.62594 -4.21051 -4.618 -6.58407 -3.4219 -5.23012 -4.0838 -3.44279 -4.87042 -4.34246 -4.9316 -7.64913 -5.30319 0.992713 0.00364365 0.00364365 0.25 0.75 0.25 0.75 5.389 0 0 
0.704 0.029 0 0.01 0.003 0.115 0.033 0.105 0.080932 0.474082 0.444985 -4.47665 -3.76156 -4.15439 -4.80712 -3.77841 -4.88406 -3.19484 -5.15463 -4.823 -4.04584 -6.17898 -4.24836 -5.5907 -5.56241 -5.04099 -5.06377 -4.04553 -4.60722 -6.23242 -2.46262 0.991729 0.00413565 0.00413565 0.25 0.75 0.25 0.75 4.736 0 0 
0.23 0.011 0 0.003 0.007 0.223 0.001 0.525 0 0.183082 0.814523 -4.30723 -6.6408 -3.75953 -4.35277 -5.07217 -4.54318 -2.94487 -5.09079 -4.29235 -3.46073 -6.12447 -3.93668 -4.11067 -5.12308 -3.71693 -4.86488 -4.29614 -4.58226 -6.85979 -3.67841 0.989712 0.00514403 0.00514403 0.25 0.75 0.25 0.75 3.788 0 0 
0 0 0 0 0 0 0 1 0 0.105133 0.893894 -4.24783 -6.43593 -4.3542 -4.2072 -5.1483 -4.47015 -1.75998 -5.3149 -4.14577 -4.23025 -6.21693 -4.51745 -5.10549 -4.81445 -4.36177 -4.76552 -4.19074 -4.72347 -6.86683 -4.21025 0.987535 0.00623247 0.00623247 0.25 0.75 0.25 0.75 3.109 0 0 
