0 0 0 0 0 0 0 1 0 0 1 -4.32619 -7.13574 -4.34679 -2.805 -6.42676 -4.58959 -5.04314 -5.57795 -2.72454 -4.55379 -6.52124 -4.93439 -5.15616 -2.79877 -3.33559 -4.91872 -4.35904 -4.88933 -7.88676 -5.8838 0.99286 0.00357015 0.00357015 0.25 0.75 0.25 0.75 5.502 0 0 
0.287 0.002 0 0.001 0.005 0.018 0 0.687 0 0.144831 0.85368 -4.12196 -6.66875 -4.2926 -3.99308 -6.39841 -3.62916 -4.77508 -5.53234 -3.59246 -4.62122 -6.5993 -4.69919 -3.60936 -5.3568 -4.06045 -2.7042 -3.07679 -4.77876 -8.03521 -5.89723 0.993307 0.00334672 0.00334672 0.25 0.75 0.25 0.75 5.876 0 0 
0.865 0.008 0 0.001 0.001 0.04 0.013 0.072 0 0.19178 0.805508 -4.13627 -7.04825 -3.95477 -3.207 -6.53499 -4.5817 -5.20879 -5.65536 -2.47365 -4.67527 -6.643 -4.9934 -5.24131 -4.74413 -2.58341 -4.01691 -4.13794 -4.95098 -7.91178 -5.96271 0.993608 0.00319591 0.00319591 0.25 0.75 0.25 0.75 6.158 0 0 
0.919 0.015 0 0 0 0.029 0.011 0.026 0 0.131692 0.86617 -2.91892 -6.77163 -3.93781 -3.47103 -6.32283 -3.21275 -5.44526 -5.37642 -3.59824 -3.94639 -6.49768 -4.52101 -4.37524 -4.68376 -4.0345 -3.97096 -4.38706 -4.22375 -8.0571 -6.00489 0.993748 0.00312598 0.00312598 0.25 0.75 0.25 0.75 6.298 0 0 
0.925 0.014 0 0.001 0.001 0.006 0.007 0.045 0 0.086588 0.913009 -4.13991 -6.98982 -3.43239 -3.0003 -6.5298 -3.64355 -5.35022 -5.05767 -3.30438 -4.66462 -6.65879 -5.01795 -4.27716 -4.0968 -3.84452 -3.40773 -4.13236 -4.6301 -8.13627 -6.05797 0.993952 0.00302389 0.00302389 0.25 0.75 0.25 0.75 6.514 0 0 
0.928 0.009 0 0.001 0.002 0.003 0.004 0.053 0.018545 0.447454 0.534 -4.26831 -7.09731 -4.79546 -4.46308 -6.27248 -4.7182 -5.21641 -5.54206 -2.15764 -4.15436 -6.5484 -4.52584 -4.94032 -4.40084 -2.41958 -4.84186 -4.07379 -4.91607 -7.72998 -5.24961 0.980423 0.0163456 0.00300888 0.477294 0.522749 0.25 0.75 6.547 1 0 
0.927 0.006 0 0.001 0.002 0.006 0.004 0.055 0.047555 0.615415 0.337031 -4.36513 -7.11683 -4.6899 -4.50629 -6.54681 -4.69968 -5.22738 -5.70858 -2.75401 -4.68355 -6.68864 -5.14221 -4.82743 -4.90356 -1.57493 -4.91529 -4.2809 -5.04043 -7.67023 -5.94129 0.994053 0.00297354 0.00297354 0.25 0.75 0.25 0.75 6.626 0 0 
0.921 0.006 0 0.001 0.001 0.014 0.016 0.041 0 0.21767 0.778503 -3.43513 -6.74331 -4.47086 -3.6006 -5.91505 -4.72729 -5.21861 -4.18853 -3.97031 -3.12885 -5.78833 -4.34211 -5.0333 -4.66788 -3.98678 -3.60142 -3.65622 -3.80445 -7.86937 -5.80579 0.983269 0.0138978 0.00293212 0.477294 0.522749 0.25 0.75 6.721 1 0 
0.899 0.005 0 0.001 0.001 0.026 0.018 0.049 0.050348 0.295983 0.653669 -3.1102 -5.76752 -4.59525 -4.06205 -5.08295 -4.38393 -4.45398 -4.67377 -4.2864 -3.61345 -6.32054 -3.66651 -4.4241 -4.89609 -4.61341 -3.60457 -3.38505 -4.19376 -7.79674 -5.62446 0.958597 0.0382372 0.00293212 0.270304 0.729854 0.25 0.75 6.721 2.418 0 
0.885 0.004 0 0.001 0.002 0.028 0.017 0.063 0.134149 0.537655 0.328197 -3.89282 -6.81649 -4.74396 -4.40726 -5.72223 -4.76959 -1.58521 -5.327 -3.88396 -4.57123 -6.56849 -4.75214 -5.11893 -4.72067 -4.03959 -4.88768 -4.23806 -4.97828 -7.42031 -4.86962 0.981937 0.0153292 0.00292312 0.477294 0.522749 0.25 0.75 6.742 1 0 
0.879 0.004 0 0.002 0.002 0.031 0.008 0.074 0.106511 0.555501 0.337988 -4.1577 -5.8678 -4.56676 -4.63275 -5.73562 -4.53764 -5.2861 -3.90787 -3.82735 -4.03882 -6.40863 -2.19793 -5.09058 -5.27925 -4.16749 -3.86906 -3.67326 -4.38255 -7.93295 -5.74495 0.994161 0.00291971 0.00291971 0.25 0.75 0.25 0.75 6.75 0 0 
0.959 0.005 0 0.004 0.001 0.012 0.005 0.015 0.09056 0.508498 0.400942 -2.83457 -6.72879 -4.53745 -3.35376 -5.48625 -4.7822 -5.03795 -3.9976 -4.26043 -2.96588 -4.73051 -5.18468 -5.11225 -4.95646 -3.92552 -4.398 -4.49476 -3.9779 -6.56974 -5.69123 0.987354 0.00949502 0.00291971 0.931818 0.0681818 0.25 0.75 6.75 1 0 
0.969 0.005 0 0.005 0.001 0.006 0.003 0.012 0.213999 0.620759 0.165241 -3.20198 -6.0771 -4.95791 -4.91939 -5.73032 -4.84554 -5.65224 -3.18287 -4.03649 -3.11977 -5.32181 -4.79822 -5.43376 -5.65843 -3.47254 -3.65342 -4.1093 -3.38101 -7.75049 -5.75527 0.965889 0.0312038 0.00291971 0.964572 0.0354275 0.25 0.75 6.75 2.017 0 
0.967 0.005 0 0.005 0 0.006 0.002 0.014 0.485711 0.417965 0.096323 -4.1506 -7.35287 -3.9911 -1.1636 -6.78489 -4.64779 -5.29982 -5.85236 -4.34196 -4.90347 -6.82642 -5.01072 -5.28725 -5.04518 -4.8208 -5.01293 -4.50615 -5.0606 -8.41136 -6.22134 0.994226 0.00288725 0.00288725 0.25 0.75 0.25 0.75 6.827 0 0 
0.96 0.005 0 0.005 0.001 0.014 0.004 0.012 0.024434 0.479612 0.495953 -4.38013 -7.16287 -4.81987 -4.43991 -6.53822 -4.72088 -5.2027 -5.70224 -2.45149 -4.67105 -6.66395 -5.12967 -5.34719 -3.54475 -1.90699 -4.85676 -4.49137 -5.0397 -7.75599 -5.95294 0.994237 0.00288143 0.00288143 0.25 0.75 0.25 0.75 6.841 0 0 
0.953 0.004 0 0.005 0.002 0.016 0.004 0.017 0.035528 0.457509 0.506963 -4.29365 -7.07502 -4.38942 -3.69853 -5.71465 -4.60428 -4.75198 -5.14547 -2.91568 -3.7525 -6.04914 -4.30967 -5.4135 -3.92745 -2.54658 -5.11293 -4.2445 -4.42197 -6.45435 -5.74577 0.994237 0.00288143 0.00288143 0.25 0.75 0.25 0.75 6.841 0 0 
0.934 0.004 0 0.003 0.002 0.021 0.005 0.032 0.302871 0.592679 0.10445 -4.59743 -7.08153 -5.00987 -4.63754 -6.0958 -4.7748 -5.18506 -5.721 -3.71276 -4.65445 -6.6957 -5.23127 -5.46301 -5.15372 -1.2359 -5.18221 -4.57421 -5.08656 -7.2901 -4.32104 0.994237 0.00288143 0.00288143 0.25 0.75 0.25 0.75 6.841 0 0 
0.911 0.024 0 0.001 0.001 0.024 0.012 0.027 0.17377 0.663086 0.163144 -4.5572 -7.06825 -5.02405 -4.64617 -6.3027 -4.78403 -5.28856 -5.05183 -3.65522 -4.12482 -5.05712 -5.25931 -5.44987 -4.96357 -1.35707 -4.78115 -4.54245 -4.89993 -7.53642 -5.87127 0.994237 0.00288143 0.00288143 0.25 0.75 0.25 0.75 6.841 0 0 
0.872 0.026 0 0 0 0.038 0.043 0.021 0.024945 0.248309 0.726746 -3.91936 -6.23633 -3.14074 -3.01034 -5.44442 -4.07901 -4.68677 -5.06586 -3.97556 -4.40437 -5.64353 -3.8895 -5.36469 -3.97311 -3.91713 -4.20751 -4.14201 -4.74255 -7.85148 -5.17722 0.994237 0.00288143 0.00288143 0.25 0.75 0.25 0.75 6.841 0 0 
0.853 0.024 0 0 0.001 0.042 0.03 0.05 0.053591 0.55677 0.389639 -3.75418 -6.98381 -4.06563 -3.62168 -6.20324 -4.4075 -4.06517 -5.24525 -2.86937 -4.28653 -6.60179 -3.73442 -5.34904 -4.53821 -3.04631 -4.21554 -4.34552 -4.91872 -7.79451 -5.1104 0.994237 0.00288143 0.00288143 0.25 0.75 0.25 0.75 6.841 0 0 
0.925 0.008 0 0 0.001 0.02 0.015 0.03 0.862843 0.117865 0.019292 -4.6613 -6.78642 -5.97687 -5.16719 -4.53902 -5.74323 -5.99155 -2.25357 -5.3293 -1.90874 -3.77468 -6.14838 -5.89938 -5.38686 -5.61788 -5.65993 -4.74958 -3.4359 -7.33395 -5.35708 0.994172 0.00291418 0.00291418 0.25 0.75 0.25 0.75 6.763 0 0 
0.919 0.008 0 0 0.001 0.025 0.005 0.042 0.211515 0.609635 0.17885 -3.82619 -6.93605 -4.42825 -4.47224 -6.50124 -4.05619 -4.95732 -5.73448 -3.02065 -4.80236 -6.7529 -2.10978 -5.34049 -5.31513 -3.52933 -4.33676 -3.85621 -5.01678 -8.06411 -5.86921 0.994162 0.00291886 0.00291886 0.25 0.75 0.25 0.75 6.752 0 0 
0.926 0.007 0 0 0 0.047 0.01 0.01 0 0.154866 0.839838 -3.7429 -6.4227 -2.85754 -2.769 -6.34466 -3.93683 -4.5849 -5.35286 -4.03684 -4.44389 -6.16065 -3.96054 -5.33095 -4.59482 -4.17388 -4.30342 -3.99498 -4.71834 -8.05494 -5.39781 0.994172 0.00291418 0.00291418 0.25 0.75 0.25 0.75 6.763 0 0 
0.975 0.004 0 0 0 0.011 0.002 0.006 0.100299 0.671576 0.228125 -3.53041 -4.18026 -5.05396 -4.60153 -5.83958 -2.97896 -5.27431 -5.23218 -3.68215 -3.11652 -5.70997 -4.83032 -5.49947 -4.7564 -3.41322 -4.09632 -4.47898 -4.67431 -5.72896 -5.15039 0.994172 0.00291418 0.00291418 0.25 0.75 0.25 0.75 6.763 0 0 
0.988 0.004 0 0.001 0 0.002 0.001 0.003 0.933332 0.061075 0 -4.87898 -5.7935 -6.10523 -5.73775 -2.10755 -5.84645 -5.51862 -3.01212 -5.55202 -2.70289 -5.09888 -6.14093 -6.11278 -6.26663 -5.76756 -5.45954 -4.64076 -4.00943 -5.78496 -3.12252 0.994172 0.00291418 0.00291418 0.25 0.75 0.25 0.75 6.763 0 0 
0.991 0.004 0 0.002 0 0.001 0 0.001 0 0.331904 0.658963 -3.4974 -6.91399 -3.24202 -3.13962 -5.15409 -4.24425 -5.01753 -4.99228 -3.71495 -3.79122 -5.59878 -4.20066 -5.36327 -4.26747 -4.5528 -4.49996 -3.96866 -4.06533 -7.83266 -5.26014 0.994172 0.00291418 0.00291418 0.25 0.75 0.25 0.75 6.763 0 0 
0.986 0.004 0 0.002 0 0.007 0 0.002 0 0.30659 0.684134 -3.25155 -6.85938 -4.00301 -2.81238 -6.24213 -4.05995 -5.23675 -5.17436 -3.57479 -4.12485 -5.76704 -4.95499 -5.27637 -4.11203 -4.0428 -4.04823 -3.72444 -4.15234 -8.0048 -5.56185 0.994172 0.00291418 0.00291418 0.25 0.75 0.25 0.75 6.763 0 0 
0.969 0.013 0 0 0 0.016 0.001 0.002 0.931389 0.063363 0 -4.74431 -6.86436 -6.18488 -5.64261 -4.8565 -5.8413 -6.05628 -3.60113 -5.42034 -1.01443 -5.2466 -6.28387 -5.88644 -6.12944 -5.67441 -5.76379 -4.88036 -3.67766 -7.24089 -5.33889 0.984656 0.0124481 0.00291418 0.931818 0.0681818 0.25 0.75 6.763 1 0 
0.899 0.035 0 0 0 0.063 0.002 0.001 0.130474 0.553088 0.316438 -3.94501 -5.71587 -4.77493 -3.95801 -6.3252 -3.38566 -4.80621 -5.36453 -2.62653 -4.26412 -6.19089 -4.68749 -5.37102 -4.31344 -2.79823 -4.2044 -4.36235 -4.92091 -7.81838 -5.50769 0.98398 0.0129637 0.00291418 0.931818 0.0681818 0.25 0.75 6.763 1 0 
0.843 0.037 0.001 0 0 0.105 0.007 0.008 0 0.130864 0.864029 -3.74262 -6.09681 -3.20837 -3.69671 -5.85291 -4.23406 -5.35385 -5.15247 -3.30765 -4.49135 -6.60037 -4.45276 -5.26165 -4.45102 -3.70353 -3.20933 -3.70225 -4.58533 -7.9761 -5.5744 0.994172 0.00291418 0.00291418 0.25 0.75 0.25 0.75 6.763 0 0 
0.754 0.033 0.001 0.006 0.006 0.129 0.04 0.031 0.390449 0.511338 0.098212 -3.94798 -6.10619 -5.64177 -4.78261 -5.14554 -5.36895 -5.87013 -3.52444 -5.148 -1.69517 -3.97254 -5.44011 -5.69508 -5.25671 -5.04443 -4.83059 -4.27038 -3.43418 -7.44274 -5.49286 0.983304 0.00291418 0.0138732 0.25 0.75 0.25 0.75 6.763 0 0 
0.537 0.027 0.001 0.025 0.023 0.098 0.132 0.157 0.690921 0.238161 0.070919 -4.57587 -5.67374 -6.00108 -5.51771 -5.09424 -5.67675 -6.04919 -2.75755 -5.35555 -1.76382 -5.01821 -6.1397 -5.44214 -6.11369 -5.63685 -5.57871 -4.33096 -2.57315 -7.46104 -5.48114 0.875571 0.0894319 0.0352541 0.268374 0.731569 0.931818 0.0681818 6.744 3.511 1 
0.452 0.038 0.001 0.026 0.014 0.198 0.079 0.193 0.172273 0.384948 0.442779 -4.07118 -5.79811 -4.85029 -4.66264 -6.0784 -4.37471 -5.45099 -5.71764 -4.92143 -4.50908 -6.85036 -5.52958 -1.17889 -5.66305 -5.23177 -4.34736 -4.4346 -4.8366 -8.40879 -6.17223 0.800332 0.128965 0.070518 0.23828 0.761822 0.968501 0.0314994 6.736 4.476 2.281 
0.391 0.053 0.001 0.018 0.006 0.21 0.098 0.225 0.04152 0.217441 0.741039 -3.44175 -5.85006 -3.94457 -3.91751 -5.75317 -3.23753 -4.1641 -5.10062 -4.44889 -4.02802 -6.04919 -3.85752 -3.88864 -4.98148 -4.62381 -3.59502 -3.91373 -4.63717 -7.86829 -5.21883 0.887058 0.0916185 0.0215588 0.350466 0.64971 0.978102 0.0218978 6.74 3.831 3.325 
0.432 0.098 0.001 0.021 0.007 0.11 0.084 0.246 0.027414 0.38852 0.584066 -4.0562 -4.68181 -3.9432 -4.27814 -5.93975 -4.16532 -4.86622 -4.76584 -4.03315 -3.47363 -5.17992 -3.83025 -3.70085 -4.74904 -4.34296 -3.83346 -3.86174 -4.06305 -7.82179 -5.27712 0.958625 0.0383226 0.00291673 0.190358 0.809525 0.955882 0.0441176 6.757 2.735 1.6 
0.443 0.105 0 0.022 0.008 0.152 0.13 0.14 0.010645 0.120735 0.86862 -3.9063 -5.50253 -3.69625 -3.92933 -5.44486 -3.83593 -4.46251 -5.31379 -4.00175 -4.03144 -6.55176 -3.94002 -3.78599 -4.70452 -3.81827 -3.76676 -3.73479 -4.53894 -7.79594 -5.13428 0.891956 0.104872 0.00291418 0.221689 0.778489 0.25 0.75 6.763 4.136 0 
0.374 0.103 0 0.049 0.003 0.2 0.189 0.082 0.020272 0.321348 0.65838 -3.59612 -6.85388 -4.26337 -3.982 -5.69249 -3.67082 -4.94065 -4.83268 -3.5358 -4.17833 -5.56003 -4.5336 -4.47794 -3.6428 -3.71071 -3.75223 -3.89119 -4.27483 -7.85235 -5.46042 0.852464 0.144428 0.00291418 0.181983 0.818142 0.25 0.75 6.763 4.624 0 
0.342 0.084 0 0.059 0.033 0.196 0.09 0.196 0 0.219466 0.774763 -4.10293 -7.12722 -4.55181 -4.41263 -6.48393 -4.22695 -4.95687 -5.32964 -1.83905 -4.49354 -6.61314 -4.24492 -5.03792 -4.31468 -3.21188 -4.4643 -4.33299 -4.94945 -8.00085 -5.95079 0.945551 0.0313767 0.0233502 0.699423 0.300676 0.25 0.75 6.761 2.186 0 
0.277 0.023 0 0.037 0.029 0.113 0.184 0.336 0.118867 0.500031 0.381102 -3.54373 -6.14637 -4.71743 -4.66407 -5.10593 -4.46135 -5.33633 -4.57774 -4.27825 -2.95002 -4.27013 -4.78684 -4.33268 -4.8731 -4.21579 -3.85655 -3.26536 -3.95288 -5.98583 -5.59257 0.960593 0.0363475 0.00292184 0.0777515 0.92228 0.956115 0.0438853 6.745 2.502 1.609 
0.218 0.008 0 0.014 0.009 0.056 0.02 0.675 0.059455 0.445557 0.494988 -4.19339 -6.73111 -3.02037 -3.98922 -6.5518 -3.74921 -5.0203 -5.71928 -4.41526 -4.82084 -6.76803 -3.867 -4.22661 -5.44984 -4.82073 -2.32624 -3.44959 -4.94076 -8.22199 -6.00796 0.977242 0.0200872 0.00291503 0.321588 0.67833 0.25 0.75 6.761 1.695 0 
0.941 0.007 0 0 0 0.032 0.01 0.01 0.054938 0.528287 0.416776 -4.46972 -7.17308 -4.71918 -4.28717 -6.45748 -4.74326 -5.01005 -5.1936 -1.58816 -4.43259 -6.56361 -4.42431 -5.32173 -4.82097 -3.50438 -5.00799 -3.61835 -4.89596 -8.04108 -5.94896 0.99417 0.00291503 0.00291503 0.25 0.75 0.25 0.75 6.761 0 0 
0.964 0.004 0 0 0 0.02 0.003 0.009 0.370688 0.423592 0.20572 -2.5249 -5.98281 -5.10867 -4.91945 -5.78115 -3.5462 -5.67923 -4.44786 -4.7254 -3.37945 -5.35523 -4.68216 -4.70796 -5.24012 -4.97523 -3.55377 -4.23644 -3.3207 -5.50731 -5.35224 0.984654 0.0125285 0.00291503 0.0681888 0.931822 0.25 0.75 6.761 1 0 
0.992 0.002 0 0.001 0 0.003 0.001 0.001 0.281479 0.405717 0.312805 -3.07951 -5.57398 -4.12186 -3.29186 -6.08529 -3.7636 -5.53575 -4.77355 -4.7481 -4.01401 -5.46758 -4.81546 -5.27125 -4.74095 -5.08254 -3.30689 -3.40123 -3.61783 -7.97918 -5.46167 0.987364 0.00987503 0.00291503 0.325772 0.674243 0.25 0.75 6.761 1 0 
0.995 0.001 0 0.001 0 0.003 0 0.001 0.662478 0.286898 0.050624 -4.52362 -6.64074 -5.8807 -5.44158 -4.90427 -5.62039 -5.6251 -2.00712 -5.29727 -2.78563 -4.44735 -6.03158 -5.8122 -6.09221 -5.60371 -5.48982 -3.81544 -2.49232 -7.55912 -5.50009 0.99417 0.00291503 0.00291503 0.25 0.75 0.25 0.75 6.761 0 0 
0.998 0 0 0 0 0.001 0 0.001 0.775306 0.198942 0.025752 -4.57791 -6.79557 -6.13393 -5.61133 -4.32617 -5.78575 -6.02541 -3.53686 -5.41204 -1.22293 -5.01767 -6.24539 -5.8787 -6.1309 -5.67234 -5.71944 -4.83633 -3.18092 -7.20224 -5.25373 0.99417 0.00291503 0.00291503 0.25 0.75 0.25 0.75 6.761 0 0 
1 0 0 0 0 0 0 0 0.037576 0.407557 0.554867 -3.85723 -6.95926 -3.62172 -3.11128 -5.9204 -4.01813 -4.56616 -5.26197 -3.7934 -3.96927 -5.75604 -4.06816 -5.32574 -3.96005 -3.73276 -4.42228 -3.48708 -4.62313 -7.92317 -5.6052 0.99417 0.00291503 0.00291503 0.25 0.75 0.25 0.75 6.761 0 0 
0.999 0 0 0 0 0.001 0 0 0.037875 0.465158 0.496967 -3.91074 -7.00795 -3.66744 -3.51505 -6.19712 -3.96655 -5.00067 -5.37235 -3.04106 -3.60667 -5.01496 -4.63907 -5.36553 -4.40034 -3.12033 -4.12414 -4.31083 -4.80003 -7.89381 -5.89446 0.986686 0.0103384 0.00291503 0.931818 0.0681818 0.25 0.75 6.761 1 0 
0.999 0 0 0 0 0.001 0 0 0.948847 0.046744 0 -1.67874 -6.30725 -4.96808 -4.76164 -6.19161 -4.20816 -5.66202 -4.7724 -4.84178 -4.30385 -6.33956 -5.33825 -5.07699 -5.66541 -5.13475 -3.73619 -3.07686 -3.88378 -8.12968 -5.99782 0.987364 0.00291503 0.00955001 0.25 0.75 0.25 0.75 6.761 0 0 
0.999 0 0 0 0 0.001 0 0 0.614106 0.340146 0.045749 -3.4268 -4.9002 -5.53351 -5.19979 -4.68937 -5.15854 -5.22556 -2.82646 -4.76036 -3.08248 -5.04073 -5.74897 -5.59892 -5.91671 -4.80731 -4.52614 -3.65163 -2.71035 -7.49187 -4.96163 0.99417 0.00291503 0.00291503 0.25 0.75 0.0227273 0.977273 6.761 0 1 
0.998 0 0 0 0 0.002 0 0 0 0.162581 0.833993 -3.87485 -6.35793 -2.8376 -2.98828 -6.40824 -3.88964 -5.05313 -5.72597 -3.50574 -4.58328 -6.74362 -3.64216 -5.32988 -4.35565 -4.05419 -4.36018 -4.06812 -4.87365 -8.05741 -5.27635 0.99417 0.00291503 0.00291503 0.25 0.75 0.931818 0.0681818 6.761 0 1 
0.999 0 0 0 0 0.001 0 0 0.401607 0.532982 0.065411 -4.91363 -6.11211 -5.57098 -4.8963 -3.40128 -5.51949 -3.5317 -4.63251 -4.95728 -3.58962 -5.58799 -5.66417 -5.98529 -5.95548 -5.39333 -5.37388 -4.94097 -4.18983 -5.17749 -1.63932 0.99417 0.00291503 0.00291503 0.25 0.75 0.25 0.75 6.761 0 0 
0.999 0 0 0 0 0.001 0 0 0.864336 0.123685 0.011979 -4.58167 -6.0032 -6.0511 -5.55448 -5.16192 -5.76387 -6.09843 -1.64474 -5.3811 -2.66515 -4.4034 -6.17022 -5.91867 -6.16847 -5.68682 -5.61345 -4.52185 -2.82331 -7.55357 -5.53716 0.983978 0.0134422 0.00291503 0.477294 0.522749 0.25 0.75 6.761 1 0 
0.999 0 0 0 0 0.001 0 0 0 0.201725 0.794438 -4.01195 -6.40082 -4.39435 -3.60831 -5.99897 -4.40737 -4.66986 -5.22832 -2.66242 -4.0795 -5.68153 -4.05478 -4.79906 -3.82892 -3.34691 -4.82191 -3.98042 -4.4462 -7.90457 -5.83319 0.987364 0.00291503 0.0095869 0.25 0.75 0.25 0.75 6.761 0 0 
0.998 0 0 0 0 0.001 0 0 0.012662 0.418183 0.569155 -3.84001 -6.3668 -3.64547 -3.18621 -4.33211 -4.18899 -4.82301 -5.35291 -3.75584 -4.27673 -5.29961 -4.71295 -5.40653 -4.10947 -4.0716 -4.11909 -3.96136 -4.32219 -6.51169 -4.26078 0.97724 0.0029163 0.0200289 0.25 0.75 0.0227273 0.977273 6.758 0 1 
0.996 0 0 0 0 0.002 0 0.001 0.700017 0.263312 0.036672 -4.45065 -6.84053 -5.97694 -5.47334 -4.93388 -5.6713 -5.95956 -3.89247 -5.07199 -1.18192 -4.41069 -6.13674 -5.80942 -5.09762 -5.53974 -5.65447 -4.67139 -3.63156 -7.28943 -5.37761 0.961902 0.0349022 0.00292783 0.178385 0.821573 0.608118 0.391967 6.731 2.257 1.964 
0.994 0.001 0 0 0 0.004 0 0.001 0.074723 0.514499 0.410778 -4.18542 -7.05896 -4.36025 -3.0174 -6.1677 -4.36533 -4.73549 -4.72456 -3.38337 -3.69138 -5.95632 -4.69418 -5.3346 -2.88248 -3.76017 -4.65441 -4.2105 -4.32696 -7.90335 -5.8526 0.973877 0.0167645 0.00924759 0.225565 0.774467 0.931818 0.0681818 6.743 1.656 1 
0.986 0.001 0 0 0 0.011 0.001 0.001 0 0.093731 0.905306 -3.56351 -6.96796 -3.84514 -3.37469 -6.41682 -4.05964 -4.77608 -5.57513 -3.31903 -4.4852 -5.98314 -4.22944 -5.28198 -3.4584 -3.23071 -4.25288 -3.96657 -4.7258 -7.98115 -5.93188 0.961262 0.0359517 0.00291673 0.242375 0.757513 0.0227273 0.977273 6.757 2.089 1 
0.963 0.001 0 0 0 0.024 0.006 0.007 0.3156 0.554565 0.129835 -4.16881 -5.92593 -4.2221 -3.02007 -6.17925 -3.93968 -5.05222 -5.19517 -3.14665 -3.8753 -5.74924 -4.96387 -5.35623 -3.25472 -3.56982 -4.80399 -4.03683 -4.49327 -7.85937 -5.39795 0.994167 0.00291673 0.00291673 0.25 0.75 0.931818 0.0681818 6.757 0 1 
0.947 0.001 0 0 0 0.033 0.004 0.015 0.276502 0.51232 0.211178 -3.87104 -6.19886 -4.93052 -4.01365 -5.69699 -4.68788 -5.31259 -3.45971 -3.83638 -2.95715 -5.66092 -3.37549 -5.50909 -4.84017 -4.23768 -4.7899 -3.95472 -3.41173 -7.74232 -5.35343 0.994161 0.00291928 0.00291928 0.25 0.75 0.25 0.75 6.751 0 0 
0.97 0.002 0 0.001 0 0.007 0.005 0.014 0 0.174282 0.82366 -3.64939 -6.96253 -3.64095 -2.82208 -6.23792 -4.28114 -4.74293 -5.44362 -3.74268 -4.23454 -6.06261 -4.45687 -5.30528 -3.558 -3.86794 -4.27286 -4.0327 -4.19877 -6.79071 -5.49479 0.981944 0.0149864 0.00291928 0.149159 0.85112 0.25 0.75 6.751 1.614 0 
0.971 0.003 0 0.001 0.001 0.01 0.003 0.011 0 0.109434 0.889608 -3.75214 -6.89207 -3.9785 -3.30734 -5.59874 -4.73393 -4.97624 -4.2772 -3.40693 -4.14395 -4.8711 -4.71766 -5.35333 -4.01105 -3.52298 -4.11174 -3.84099 -4.14501 -7.78868 -5.27282 0.98397 0.0129061 0.00291928 0.152647 0.847623 0.25 0.75 6.751 1 0 
0.973 0.004 0 0.001 0 0.008 0.002 0.012 0.517834 0.411895 0.07027 -3.94524 -6.06135 -5.70811 -5.29663 -4.66174 -5.00942 -5.5652 -4.09444 -4.82959 -1.52328 -4.53062 -5.9197 -5.50636 -4.69571 -5.20437 -5.03696 -4.34302 -3.83238 -6.32334 -4.96654 0.95599 0.011895 0.0318377 0.174257 0.825785 0.25 0.75 6.751 1 0 
0.979 0.003 0 0.001 0 0.009 0.001 0.007 0 0.087603 0.91179 -4.08217 -6.9846 -4.14739 -3.10383 -6.12881 -4.34051 -4.92042 -4.28589 -3.11739 -3.73634 -5.38201 -4.39169 -5.37393 -4.30301 -3.50007 -4.34472 -3.98596 -4.23513 -7.91717 -5.86226 0.960562 0.0365473 0.00293858 0.140684 0.85919 0.0141004 0.9859 6.706 2.626 1.673 
0.978 0.003 0 0.001 0 0.009 0.003 0.007 0 0.105421 0.894065 -3.4399 -6.9391 -3.48447 -3.14073 -6.22559 -4.30993 -4.95512 -5.42727 -3.5743 -4.10995 -5.22768 -4.55194 -5.29897 -3.70215 -3.53576 -4.20207 -4.21213 -4.52426 -7.92813 -5.5134 0.967177 0.0216127 0.0113845 0.166217 0.833834 0.957699 0.0423012 6.701 1.574 1.673 
0.972 0.002 0 0 0 0.011 0.004 0.01 0.014327 0.395873 0.5898 -4.30321 -6.41276 -4.07429 -2.28517 -6.38812 -4.69532 -5.27422 -5.55409 -3.06184 -4.05013 -6.57675 -4.76204 -5.00894 -3.66106 -3.6904 -4.39599 -4.27227 -4.73085 -8.02891 -5.73384 0.994153 0.00292355 0.00292355 0.25 0.75 0.931818 0.0681818 6.741 0 1 
0.96 0.003 0 0 0 0.021 0.002 0.013 0.062986 0.550494 0.38652 -4.00878 -6.86333 -4.95214 -4.53834 -5.66535 -4.59743 -4.86577 -3.65523 -3.54132 -2.80931 -5.10411 -3.23103 -5.53319 -5.09322 -3.67494 -4.77115 -4.40196 -3.80818 -7.6621 -5.29374 0.994154 0.00292312 0.00292312 0.25 0.75 0.25 0.75 6.742 0 0 
0.947 0.006 0 0 0 0.034 0.005 0.008 0 0.219055 0.778157 -3.42427 -6.92722 -3.36077 -3.09884 -6.22338 -4.60718 -4.66099 -5.08369 -3.59129 -3.77453 -5.65488 -4.44421 -5.28899 -3.98604 -3.92411 -4.07488 -3.89434 -4.75382 -8.00189 -5.8771 0.985985 0.00292697 0.0110386 0.25 0.75 0.25 0.75 6.733 0 0 
0.926 0.006 0 0 0 0.046 0.004 0.017 0 0.187759 0.809474 -3.22113 -6.29886 -4.4547 -3.24479 -5.4344 -3.95413 -4.77551 -5.08866 -3.80257 -3.7149 -6.11345 -4.49852 -5.30133 -4.06471 -3.83298 -3.88226 -3.73422 -4.54853 -7.8058 -5.4165 0.975245 0.0215825 0.0029074 0.29209 0.707745 0.0227273 0.977273 6.779 1.638 1 
0.944 0.004 0 0 0 0.022 0.008 0.021 0.2956 0.603675 0.100725 -4.01586 -6.0368 -5.6796 -5.23865 -4.90541 -5.41425 -5.53104 -3.61642 -4.37162 -1.53478 -5.02892 -5.89923 -5.69516 -4.49598 -4.71849 -5.48549 -4.33862 -3.78352 -7.37552 -5.43109 0.955345 0.042036 0.00291333 0.964623 0.0353774 0.931818 0.0681818 6.765 2.02 1 
0.961 0.002 0 0 0 0.011 0.002 0.024 0 0.196978 0.799956 -4.3824 -7.10898 -4.43302 -3.26078 -6.34961 -4.52023 -5.28042 -5.24453 -2.67519 -4.04133 -6.05862 -4.89092 -5.33828 -3.51328 -2.86188 -4.70124 -3.93314 -4.47599 -7.91238 -5.95119 0.977286 0.0101533 0.0124533 0.250021 0.750031 0.25 0.75 6.816 1 0 
0.971 0.002 0 0 0 0.013 0.003 0.011 0 0.22995 0.766509 -3.36111 -6.02746 -4.43378 -3.6712 -6.32647 -4.48498 -5.13997 -5.20192 -3.12197 -4.34599 -5.37036 -4.2928 -4.75623 -3.75143 -2.96455 -4.26307 -4.11443 -4.64315 -7.91818 -5.92704 0.970597 0.0267617 0.00289143 0.232428 0.767384 0.931818 0.0681818 6.817 1.629 1 
0.978 0.002 0 0 0 0.005 0.002 0.012 0.151723 0.571783 0.276494 -3.97409 -6.05712 -4.58225 -2.89629 -5.70063 -4.07573 -4.94161 -4.704 -3.78907 -3.29558 -5.51964 -5.08218 -5.4091 -3.98674 -3.19667 -4.43391 -4.18162 -4.5191 -7.72568 -5.34064 0.99421 0.00289478 0.00289478 0.25 0.75 0.25 0.75 6.809 0 0 
0.97 0.005 0 0 0 0.012 0.001 0.011 0.341042 0.459441 0.199517 -4.07383 -5.23204 -5.19853 -4.14729 -4.8962 -5.10397 -5.63635 -3.15064 -4.65957 -2.49166 -4.60295 -3.82032 -5.65083 -4.84402 -4.3974 -4.73993 -4.59129 -3.47482 -7.49663 -5.14097 0.980641 0.016222 0.00289603 0.250021 0.750031 0.25 0.75 6.806 1 0 
0.929 0.007 0 0 0 0.049 0.002 0.012 0 0.152501 0.845152 -3.53352 -6.93408 -3.83392 -2.99731 -6.35311 -4.19187 -4.49654 -5.51151 -3.73819 -4.31168 -6.15123 -3.52148 -5.2981 -3.69805 -3.86542 -3.99637 -4.41032 -4.35477 -8.02816 -5.87714 0.994188 0.00290613 0.00290613 0.25 0.75 0.25 0.75 6.782 0 0 
0.92 0.007 0 0 0 0.041 0.007 0.025 0 0.06886 0.930825 -3.37036 -6.90668 -4.63758 -2.82785 -5.56315 -4.69755 -5.33602 -5.04378 -3.47862 -3.74151 -5.83532 -4.78207 -5.31487 -3.93615 -3.35228 -4.31296 -3.96935 -4.56945 -7.73535 -5.00678 0.980599 0.016513 0.002918 0.931818 0.0681818 0.25 0.75 6.754 1 0 
0.853 0.01 0 0 0 0.026 0.018 0.091 0.252508 0.60213 0.145362 -4.01023 -6.7958 -4.59842 -4.91889 -4.44957 -5.02964 -5.1584 -4.0269 -4.27632 -2.24127 -5.10542 -3.78419 -5.57955 -4.07235 -5.15148 -4.41686 -4.58847 -3.67625 -7.31951 -4.53672 0.994119 0.00294031 0.00294031 0.25 0.75 0.25 0.75 6.702 0 0 
0.84 0.036 0 0 0 0.093 0.009 0.022 0 0.087437 0.911951 -4.24728 -7.05046 -4.6159 -2.96227 -6.31606 -4.40653 -5.30677 -5.43391 -2.89125 -3.938 -5.53431 -4.86368 -4.91103 -3.85617 -2.99332 -3.9979 -4.23587 -4.5844 -7.91719 -5.94708 0.969833 0.0272076 0.00294334 0.946996 0.0530035 0.25 0.75 6.695 1.315 0 
0.824 0.037 0 0.002 0.001 0.102 0.007 0.026 0 0.199616 0.796383 -3.84247 -6.78374 -4.27605 -3.78491 -6.24733 -4.3134 -4.30408 -4.86087 -3.22397 -4.09692 -6.49601 -4.36763 -4.7366 -4.49121 -3.64438 -2.86294 -4.07191 -4.53506 -7.93214 -5.80425 0.994058 0.00297089 0.00297089 0.25 0.75 0.25 0.75 6.632 0 0 
0.777 0.044 0 0.006 0.001 0.072 0.023 0.077 0.130983 0.614214 0.254803 -4.03684 -6.81181 -5.32975 -3.77385 -4.87982 -4.73877 -5.7285 -4.05863 -4.55765 -1.86205 -4.41904 -5.74899 -5.09884 -4.69198 -5.28154 -5.37867 -4.27736 -3.41108 -7.4162 -5.0928 0.993956 0.00302206 0.00302206 0.25 0.75 0.25 0.75 6.518 0 0 
0.572 0.037 0 0.013 0.003 0.247 0.026 0.102 0 0.062178 0.937595 -3.30884 -6.90408 -4.5595 -3.4008 -6.35769 -4.54615 -5.23522 -5.00939 -2.82368 -4.29965 -6.50572 -3.92852 -5.22286 -3.42529 -3.55637 -4.04023 -4.36091 -4.78372 -7.97474 -5.91996 0.99384 0.00307977 0.00307977 0.25 0.75 0.25 0.75 6.394 0 0 
0.392 0.032 0 0.011 0.003 0.388 0 0.172 0 0.054099 0.94496 -4.26997 -7.03512 -2.54701 -2.78751 -6.66411 -3.17879 -5.29468 -5.78946 -4.20451 -4.87413 -6.80832 -4.13855 -5.25201 -4.26385 -4.85824 -3.62271 -4.17799 -4.69778 -8.28644 -6.09941 0.993626 0.00318725 0.00318725 0.25 0.75 0.25 0.75 6.175 0 0 
0 0 0 0 0 0 0 0.999 0.124968 0.382715 0.492317 -4.56738 -6.67941 -5.98151 -5.45359 -4.75797 -5.64434 -5.88943 -3.53099 -5.24252 -1.37233 -3.69345 -6.09579 -5.75144 -5.96075 -5.51032 -5.57808 -4.69174 -3.42116 -7.13763 -5.22421 0.992655 0.00367242 0.00367242 0.25 0.75 0.25 0.75 5.346 0 0 
