0 0 0 0 0 0 0 1 0 0.073816 0.92381 -4.14518 -7.29663 -4.98237 -4.76893 -6.64017 -4.79934 -5.66725 -5.71054 -4.80715 -4.62588 -6.8451 -5.47781 -1.02578 -5.54227 -5.12281 -4.82896 -4.32062 -4.91978 -8.5248 -6.23363 0.992893 0.00355366 0.00355366 0.25 0.75 0.25 0.75 5.528 0 0 
0.526 0.002 0 0.001 0.005 0.017 0 0.448 0 0.137208 0.861411 -4.368 -6.99524 -3.98652 -4.15766 -3.9777 -4.90162 -5.51163 -4.50541 -4.80256 -3.3828 -6.24044 -5.39837 -2.29916 -3.78529 -5.10864 -4.09961 -4.47132 -4.18387 -7.54825 -5.40819 0.993696 0.00315209 0.00315209 0.25 0.75 0.25 0.75 6.245 0 0 
0.784 0.006 0 0.003 0.001 0.017 0.008 0.181 0 0.134127 0.861627 -3.50606 -5.38436 -3.43212 -3.52024 -5.90166 -4.10352 -4.21948 -5.09183 -4.67822 -3.38699 -4.51992 -5.16807 -4.09092 -4.00993 -5.00081 -4.18358 -4.08099 -4.16962 -7.84748 -5.69713 0.993691 0.00315457 0.00315457 0.25 0.75 0.25 0.75 6.24 0 0 
0.876 0.006 0 0.004 0.002 0.009 0.006 0.097 0 0.209778 0.78767 -3.56948 -6.77739 -4.90465 -3.70694 -5.74705 -4.83236 -5.47439 -4.07512 -3.4503 -3.01902 -6.06627 -5.33138 -4.62977 -4.06211 -4.32566 -4.49228 -3.22806 -4.01795 -5.4638 -5.66492 0.993706 0.00314713 0.00314713 0.25 0.75 0.25 0.75 6.255 0 0 
0.955 0.004 0 0.009 0.001 0.003 0.003 0.025 0.014193 0.371656 0.61415 -4.45802 -6.96057 -4.84668 -3.89737 -5.16226 -4.78454 -4.77193 -5.21083 -3.54366 -3.64065 -4.8299 -5.215 -5.36705 -3.40504 -2.34065 -4.26643 -4.47606 -4.3332 -7.52137 -5.61469 0.993807 0.00309645 0.00309645 0.25 0.75 0.25 0.75 6.359 0 0 
0.966 0.004 0 0.015 0 0.003 0.003 0.01 0.024499 0.389561 0.585941 -4.07394 -7.03471 -3.33691 -2.56234 -5.13135 -4.67902 -4.2673 -5.42922 -4.40375 -3.65823 -6.45894 -5.05318 -5.31938 -3.7864 -3.55254 -4.37186 -3.96971 -4.82328 -7.78068 -5.65731 0.993962 0.00301887 0.00301887 0.25 0.75 0.25 0.75 6.525 0 0 
0.964 0.003 0 0.019 0.001 0.004 0.002 0.008 0.17918 0.552543 0.268276 -4.37 -7.15736 -3.28455 -2.26589 -6.5251 -4.16579 -4.74203 -4.9849 -3.64498 -4.70322 -6.67444 -4.52882 -5.28149 -3.58723 -4.09923 -4.27511 -4.1581 -4.94562 -8.14596 -5.99524 0.993994 0.003003 0.003003 0.25 0.75 0.25 0.75 6.56 0 0 
0.956 0.005 0 0.026 0 0.005 0.001 0.007 0.823557 0.15501 0.021433 -4.18284 -6.68153 -5.84029 -4.89836 -4.61874 -5.55928 -5.98153 -3.12974 -5.2909 -1.82619 -4.9551 -6.07114 -4.85256 -6.03813 -5.58298 -5.53601 -4.67409 -2.5118 -7.40373 -5.39734 0.933788 0.0340913 0.032191 0.931818 0.0681818 0.25 0.75 6.56 1 0 
0.917 0.017 0 0.029 0 0.029 0.003 0.004 0.168958 0.544906 0.286136 -3.8685 -3.5957 -4.38452 -3.07049 -5.99058 -4.74927 -5.39698 -5.21138 -4.25779 -3.81394 -6.37978 -4.778 -5.40743 -3.73095 -3.62666 -4.02469 -4.15923 -3.73594 -7.7115 -5.11704 0.963164 0.00296033 0.0338834 0.25 0.75 0.0227273 0.977273 6.656 0 1 
0.83 0.026 0 0.034 0 0.101 0.004 0.004 0.012054 0.314538 0.673408 -4.48088 -5.29789 -4.54977 -3.49491 -5.25325 -4.43005 -4.25026 -4.62733 -2.78307 -3.42495 -5.51331 -5.26768 -5.47813 -4.56826 -3.21905 -5.1713 -4.54003 -3.66296 -7.65952 -5.60344 0.994021 0.00298954 0.00298954 0.25 0.75 0.49168 0.508438 6.59 0 1.653 
0.769 0.026 0 0.042 0.003 0.108 0.024 0.028 0.323973 0.550952 0.125075 -4.10883 -6.75663 -5.76943 -5.36261 -4.98665 -5.43211 -5.78915 -3.90317 -4.8062 -1.53234 -4.89363 -5.9383 -5.71873 -5.95143 -4.49665 -4.69467 -4.23834 -3.49509 -7.20084 -4.23962 0.954719 0.0250296 0.020395 0.250021 0.750031 0.0227273 0.977273 6.804 1 1 
0.457 0.021 0.001 0.07 0.029 0.186 0.119 0.118 0.390741 0.459944 0.149315 -4.24066 -6.83097 -4.51361 -5.36951 -5.01334 -5.54847 -5.94633 -3.48447 -5.3156 -1.38164 -4.53134 -6.01193 -5.81145 -6.04464 -5.60099 -5.1995 -4.78954 -3.48697 -7.34186 -4.96939 0.942481 0.0543923 0.0028169 0.747581 0.252436 0.48058 0.519538 7 2.163 1.741 
0.25 0.013 0.001 0.064 0.024 0.167 0.134 0.348 0.206702 0.368635 0.424663 -4.2972 -6.78817 -3.40545 -4.23975 -4.8857 -4.93762 -5.62914 -3.47362 -4.95791 -3.15448 -5.52336 -3.35087 -5.61409 -5.75542 -5.31547 -4.40044 -4.33184 -2.68059 -6.26545 -5.5914 0.977514 0.0193839 0.00277316 0.931818 0.0681818 0.931818 0.0681818 7.112 1 1 
0.096 0.015 0 0.028 0.006 0.35 0.124 0.381 0.022188 0.392228 0.585584 -3.08744 -6.75354 -4.63496 -3.80259 -6.19813 -4.31656 -5.52354 -4.68923 -3.85333 -4.21651 -5.4667 -4.93199 -3.54517 -4.71937 -3.75283 -3.13547 -3.93641 -4.21872 -7.98048 -5.42994 0.978872 0.0183402 0.00276587 0.325772 0.674243 0.25 0.75 7.131 1 0 
0.034 0.014 0 0.005 0.003 0.362 0.422 0.16 0 0.075772 0.92353 -4.21442 -7.09584 -3.3459 -3.0644 -6.41556 -3.45159 -5.10166 -5.29341 -3.6308 -4.30274 -6.71576 -3.90907 -3.67577 -5.02339 -4.22052 -4.16599 -3.83692 -4.61824 -8.12957 -5.45822 0.981636 0.00273 0.0158744 0.25 0.75 0.25 0.75 7.226 0 0 
0.035 0.012 0 0.005 0.004 0.032 0.46 0.452 0.01658 0.301325 0.682095 -4.09863 -6.1678 -3.50378 -2.87684 -6.37902 -4.02526 -3.89312 -5.64187 -3.75464 -4.23372 -6.68389 -3.76114 -5.35312 -4.72614 -4.04522 -3.4717 -4.03015 -4.72713 -8.05684 -5.83687 0.971594 0.00271628 0.0255711 0.25 0.75 0.931818 0.0681818 7.263 0 1 
0.069 0.092 0 0.005 0.022 0.225 0.107 0.48 0.249143 0.3957 0.355157 -3.99843 -6.15432 -4.46375 -4.23908 -5.53346 -4.03796 -5.90347 -3.26895 -5.13112 -2.25629 -4.97266 -5.75787 -3.57282 -5.90041 -5.11835 -5.09245 -4.28293 -3.3273 -7.76518 -5.76104 0.902131 0.0821203 0.0157477 0.861453 0.138475 0.519101 0.480987 7.304 3.052 1.675 
0.083 0.12 0 0.005 0.029 0.24 0.141 0.381 0.410065 0.384715 0.205221 -3.75573 -6.99802 -4.40268 -4.74504 -5.8369 -1.21241 -5.77263 -6.06915 -4.85942 -4.62094 -7.03672 -4.62288 -4.99646 -5.51107 -4.81191 -4.25264 -4.74351 -5.28931 -8.09182 -5.71159 0.964338 0.0328238 0.00268312 0.965002 0.0349977 0.0151976 0.984802 7.354 2.043 1.545 
0.146 0.103 0 0.005 0.005 0.312 0.289 0.139 0 0.086789 0.911784 -3.65163 -6.9232 -4.03516 -3.90514 -5.76343 -3.96268 -4.45963 -5.24184 -3.29705 -4.23238 -6.24574 -3.46694 -4.62295 -5.23576 -3.42494 -3.69476 -4.08183 -4.5619 -7.85979 -5.11239 0.964353 0.0331318 0.00267487 0.239963 0.760047 0.954407 0.0455927 7.377 2.203 1.545 
0.185 0.064 0 0.003 0.047 0.223 0.199 0.28 0.412453 0.437738 0.149808 -4.46527 -6.39218 -1.88854 -3.48639 -6.66371 -3.85718 -5.00389 -5.96273 -3.99465 -5.03243 -6.27744 -3.43471 -5.41588 -5.14185 -4.59241 -3.91758 -4.48592 -4.97716 -8.33872 -5.67637 0.994708 0.0026462 0.0026462 0.25 0.75 0.25 0.75 7.458 0 0 
0.932 0.007 0 0 0.002 0.014 0.01 0.034 0.935456 0.061221 0 -5.57627 -6.77546 -6.6003 -6.17347 -4.10496 -5.76869 -5.72613 -5.58849 -5.9214 -4.24931 -6.53174 -6.51389 -6.78681 -6.53412 -5.54079 -6.1935 -5.30503 -5.31958 -0.822132 -3.90974 0.994722 0.00263922 0.00263922 0.25 0.75 0.25 0.75 7.478 0 0 
0.992 0.003 0 0 0 0.003 0 0.001 0.056865 0.523819 0.419316 -4.14884 -5.80054 -4.4227 -3.56191 -6.3589 -4.80494 -4.98621 -5.297 -2.76995 -4.19637 -6.5941 -5.23701 -4.64175 -4.54607 -2.43973 -4.46707 -3.95388 -4.33183 -7.87419 -5.63771 0.994722 0.00263922 0.00263922 0.25 0.75 0.25 0.75 7.478 0 0 
0.992 0.003 0 0 0 0.004 0 0 0.142287 0.521882 0.335831 -3.86394 -6.94618 -3.91542 -3.99961 -5.69556 -3.48324 -4.54484 -4.99599 -3.4098 -3.72233 -5.08543 -4.95547 -5.0183 -4.81738 -3.46856 -4.0244 -3.60318 -4.54075 -6.17168 -5.44755 0.994722 0.00263922 0.00263922 0.25 0.75 0.25 0.75 7.478 0 0 
0.995 0.003 0 0 0 0.002 0 0 1 0 0 -4.76957 -5.61381 -6.20785 -5.69381 -3.99655 -5.84839 -6.05998 -3.81827 -5.49575 -1.24659 -4.90082 -6.30783 -5.97114 -6.21106 -5.74392 -5.78035 -4.91073 -3.11969 -6.36746 -5.21183 0.984515 0.0128221 0.00263922 0.931818 0.0681818 0.25 0.75 7.478 1 0 
0.989 0.008 0 0 0 0.003 0 0 1 0 0 -1.38582 -6.40637 -5.05269 -4.85874 -6.3282 -2.89035 -5.79679 -5.04842 -4.98 -4.28337 -5.84621 -5.45478 -5.20675 -5.78431 -5.24923 -4.85157 -4.43099 -4.28169 -8.20934 -6.15188 0.98587 0.0118102 0.00263922 0.931818 0.0681818 0.25 0.75 7.478 1 0 
0.973 0.014 0 0 0 0.013 0 0 0.082216 0.370115 0.547669 -3.70541 -6.96324 -4.20083 -3.54519 -5.71849 -3.4342 -5.03704 -4.82336 -4.05049 -3.79828 -6.54404 -4.79989 -4.9603 -4.66126 -2.78706 -3.96825 -4.07553 -4.72848 -6.37165 -5.085 0.979115 0.0181052 0.00263922 0.636558 0.363535 0.25 0.75 7.478 1.602 0 
0.949 0.016 0 0 0 0.033 0.001 0.001 0.113437 0.596306 0.290256 -3.55476 -5.71368 -4.68836 -3.38631 -5.48402 -4.82611 -3.66325 -5.40171 -3.23998 -3.73468 -6.47487 -4.75535 -5.45266 -4.00924 -3.17109 -4.85793 -4.32536 -4.39776 -7.59616 -4.56995 0.994722 0.00263922 0.00263922 0.25 0.75 0.25 0.75 7.478 0 0 
0.562 0.013 0 0 0.001 0.415 0.005 0.004 0.673782 0.268063 0.058155 -4.63059 -5.57236 -6.21822 -5.70464 -4.10052 -5.84827 -6.05367 -3.57532 -5.49314 -1.17915 -4.35844 -6.31488 -5.98158 -6.20251 -5.73649 -5.79606 -4.94123 -3.92841 -6.13345 -5.2173 0.979115 0.0182668 0.00263922 0.957216 0.0427838 0.25 0.75 7.478 1.653 0 
0.001 0 0 0 0.002 0.924 0.019 0.053 0.041886 0.147106 0.811007 -4.33472 -6.2614 -3.5156 -3.9944 -6.93957 -1.39166 -5.00351 -6.20577 -4.16498 -5.01163 -7.13918 -4.2491 -5.57886 -5.41934 -4.92777 -4.2757 -4.70912 -5.38634 -8.30422 -6.35315 0.951251 0.0460784 0.00263922 0.413727 0.586355 0.25 0.75 7.478 2.933 0 
0.001 0 0 0.001 0.005 0.002 0.059 0.932 0.641752 0.321236 0.037012 -4.67326 -6.78617 -6.16017 -5.72514 -2.63227 -5.86387 -5.7669 -3.00847 -5.52365 -1.98665 -4.5008 -6.23479 -6.07101 -6.25316 -5.52202 -5.52009 -4.95357 -3.72127 -6.64352 -3.68991 0.958471 0.010568 0.0308655 0.931818 0.0681818 0.25 0.75 7.478 1 0 
0.005 0.002 0 0.001 0.015 0.002 0.041 0.934 0.03918 0.331653 0.629167 -3.97483 -5.81855 -3.29049 -3.78921 -6.53276 -3.89242 -4.90408 -5.67284 -3.88166 -4.62616 -6.74515 -4.29666 -3.71219 -5.03792 -4.54238 -3.164 -2.92731 -4.92424 -8.24038 -6.05381 0.981789 0.0154853 0.00265076 0.325772 0.674243 0.966592 0.0334076 7.445 1 2.145 
0.862 0.112 0 0.001 0 0.01 0.007 0.007 0.081706 0.440534 0.477759 -3.85332 -6.14012 -3.32614 -3.43014 -5.36445 -4.12165 -4.92648 -4.18811 -4.39884 -4.27966 -6.51737 -4.30776 -4.37172 -4.18444 -3.9492 -4.23666 -3.78987 -4.32728 -6.72143 -4.56529 0.927367 0.0138441 0.0586604 0.325772 0.674243 0.25 0.75 7.478 1 0 
0.867 0.113 0 0.002 0 0.01 0.005 0.002 0 0.083974 0.912592 -3.81322 -6.92517 -3.29561 -3.56001 -5.73758 -3.68601 -5.51337 -4.73162 -4.74173 -3.88302 -6.10982 -3.63047 -4.22568 -4.63409 -4.6282 -3.65767 -3.65236 -4.14104 -6.57784 -5.92 0.975731 0.012778 0.0111848 0.152647 0.847623 0.977999 0.0220006 7.441 1 3.309 
0.866 0.108 0 0.004 0 0.012 0.002 0.006 0.360022 0.475631 0.164347 -4.22083 -6.21741 -2.80875 -2.93812 -5.57932 -4.76171 -4.64297 -5.07776 -3.87662 -4.28635 -6.62189 -4.57671 -5.44973 -3.71539 -4.30796 -4.74672 -3.9173 -4.59947 -7.6417 -3.97539 0.96641 0.0153418 0.018485 0.32649 0.673526 0.931818 0.0681818 7.478 1.115 1 
0.869 0.078 0 0.017 0.003 0.014 0.004 0.016 0.930348 0.063252 0 -4.48535 -6.74723 -5.88795 -4.97281 -5.04299 -5.66943 -6.04621 -1.98579 -5.31992 -2.53949 -4.77152 -6.09388 -5.87541 -5.69638 -5.30682 -5.58222 -4.1444 -2.63394 -7.58322 -5.29841 0.994703 0.00264831 0.00264831 0.25 0.75 0.939369 0.0606306 7.452 0 1.137 
0.847 0.071 0 0.018 0.001 0.036 0.008 0.018 0 0.188406 0.807593 -3.95483 -6.35753 -3.19751 -2.96456 -5.84568 -4.1656 -5.1348 -5.5912 -3.85432 -4.39885 -5.53449 -4.48201 -5.15464 -3.81901 -3.64344 -4.07069 -3.88338 -4.6582 -7.91317 -5.01428 0.969737 0.0275031 0.00263922 0.428704 0.571348 0.25 0.75 7.478 2.125 0 
0.802 0.072 0 0.024 0.001 0.074 0.009 0.017 0.103963 0.666442 0.229595 -3.56852 -5.73227 -4.2753 -4.25575 -4.59124 -4.04144 -4.47074 -4.86034 -4.23383 -3.71121 -5.80862 -4.01995 -5.50316 -4.06234 -3.85593 -4.01419 -3.95374 -4.14914 -5.48723 -4.39621 0.97777 0.0111547 0.010991 0.250021 0.750031 0.25 0.75 7.478 1 0 
0.739 0.037 0 0.033 0.007 0.05 0.038 0.095 0.724663 0.246193 0.029143 -4.44 -6.13963 -6.07942 -5.63352 -2.95915 -5.77791 -5.90359 -2.23913 -5.21367 -2.50319 -4.77985 -6.19435 -6.02645 -5.75773 -5.36738 -5.72267 -4.61717 -3.43554 -5.28619 -4.65931 0.907822 0.0897549 0.00263957 0.23671 0.763335 0.931818 0.0681818 7.477 3.949 1 
0.642 0.037 0 0.033 0.004 0.12 0.048 0.115 0.034879 0.315302 0.649818 -3.72358 -7.08272 -3.34535 -2.88941 -6.43034 -3.8463 -4.89086 -5.04848 -3.4861 -4.4801 -6.69687 -4.95321 -5.39144 -4.37528 -3.08113 -4.29416 -4.09493 -4.77867 -8.01356 -5.48204 0.92673 0.0703767 0.00263922 0.296694 0.703485 0.25 0.75 7.478 3.733 0 
0.457 0.043 0 0.026 0.003 0.219 0.148 0.103 0.056123 0.356199 0.587678 -3.65478 -4.99405 -3.50615 -3.75542 -5.60125 -4.39905 -4.32829 -5.29029 -3.91463 -4.18028 -5.74533 -3.96335 -5.16401 -3.96559 -3.68468 -3.99729 -3.76751 -4.86972 -7.75496 -4.78903 0.953215 0.0439353 0.00263922 0.290285 0.709915 0.25 0.75 7.478 3.037 0 
0.151 0.036 0 0.004 0.003 0.225 0.209 0.372 0.029784 0.323786 0.64643 -4.32939 -5.68877 -2.90872 -3.44721 -5.99543 -3.89187 -4.85172 -5.30217 -3.41487 -4.22046 -6.67409 -4.18006 -5.40945 -4.14162 -3.88542 -3.9107 -3.81055 -4.6584 -8.03405 -5.54667 0.889304 0.107901 0.00263922 0.228177 0.771704 0.25 0.75 7.478 4.482 0 
0.253 0.029 0 0.002 0.004 0.186 0.365 0.161 0.011379 0.21746 0.771161 -4.19676 -5.98782 -4.12913 -3.54 -4.50907 -4.35921 -4.15594 -5.46805 -3.4565 -4.29686 -5.51391 -4.14038 -4.15179 -4.60994 -4.38421 -4.00483 -4.0035 -4.57785 -7.32706 -3.64048 0.871765 0.115691 0.0126336 0.221456 0.778573 0.25 0.75 7.477 4.721 0 
0.297 0.002 0 0.006 0.004 0.006 0.301 0.384 0.020599 0.467388 0.512013 -3.99078 -6.13253 -3.04902 -3.49136 -6.46963 -4.33733 -4.1942 -5.3457 -4.48775 -4.7838 -6.35562 -3.48192 -4.98812 -4.34784 -4.36145 -2.67463 -4.35185 -4.79517 -8.14206 -5.90274 0.861049 0.136522 0.0026434 0.282554 0.71768 0.0227273 0.977273 7.466 4.709 1 
0.692 0.002 0 0.006 0.019 0.021 0.011 0.249 0.015161 0.450045 0.534794 -4.42454 -5.25354 -4.94858 -4.66279 -6.58361 -4.31926 -4.80584 -5.7991 -3.81444 -4.74256 -6.81942 -4.97464 -1.99911 -3.07762 -3.36298 -4.85676 -4.5346 -5.06897 -8.13583 -6.07628 0.909689 0.0874926 0.0026434 0.218028 0.782143 0.0227273 0.977273 7.466 3.901 1 
0.981 0.003 0 0.002 0.001 0.005 0.002 0.007 0.838678 0.132943 0.028379 -2.84271 -4.01993 -5.26052 -5.03891 -5.56807 -4.84807 -5.77926 -3.78925 -4.74592 -3.77473 -5.74638 -5.53217 -5.05596 -5.85554 -5.294 -3.95396 -2.52108 -3.16827 -7.91993 -5.83121 0.964411 0.033211 0.0026434 0.210373 0.789435 0.0227273 0.977273 7.466 2.3 1 
0.99 0.002 0 0.002 0 0.003 0.001 0.001 0.195048 0.642581 0.162371 -4.16174 -5.96384 -4.30299 -3.88211 -3.89428 -4.4784 -4.27167 -4.54244 -4.23667 -3.53834 -4.26655 -5.18433 -5.66982 -5.29679 -3.47535 -4.34072 -4.32617 -4.50915 -6.98808 -3.28897 0.994777 0.00261165 0.00261165 0.25 0.75 0.931818 0.0681818 7.558 0 1 
0.992 0.001 0 0.002 0 0.004 0.001 0 0.037021 0.469317 0.493662 -3.14031 -5.74597 -3.69544 -3.14274 -6.32778 -4.4606 -4.7507 -5.06321 -3.45771 -4.11322 -5.87935 -4.81341 -5.34421 -3.59681 -4.09559 -4.1109 -4.02879 -4.43316 -8.07709 -5.96624 0.977793 0.0195175 0.00262743 0.326292 0.673724 0.25 0.75 7.512 1.081 0 
0.997 0.001 0 0.001 0 0.001 0 0 0.848075 0.142016 0 -4.37307 -5.30321 -5.95632 -5.51341 -4.95361 -5.24665 -6.01446 -3.70902 -5.35784 -1.90784 -2.78637 -6.11432 -5.88622 -6.10224 -5.63373 -4.90317 -4.62417 -2.97892 -6.44823 -5.46755 0.983186 0.0143085 0.00262709 0.204556 0.795429 0.25 0.75 7.513 1 0 
0.998 0 0 0.001 0 0.001 0 0 0.902662 0.088263 0 -4.82066 -6.92733 -5.79687 -5.67585 -4.48216 -5.88214 -6.06283 -3.59725 -5.47734 -1.05387 -4.64899 -6.306 -5.96537 -6.18634 -5.7345 -5.82094 -4.94885 -3.90829 -7.22203 -5.03283 0.994746 0.00262709 0.00262709 0.25 0.75 0.25 0.75 7.513 0 0 
0.997 0.001 0 0.001 0 0.002 0 0 0 0.2744 0.716983 -4.33398 -6.30096 -3.63757 -3.31052 -5.11805 -4.60757 -4.59581 -4.48769 -3.73692 -3.85696 -6.4532 -4.08243 -5.5059 -4.31091 -3.60194 -4.35855 -3.86834 -4.13629 -5.369 -4.88506 0.994746 0.00262709 0.00262709 0.25 0.75 0.25 0.75 7.513 0 0 
0.993 0.001 0 0.001 0 0.005 0 0 0.108918 0.527619 0.363464 -3.77784 -6.90795 -3.86444 -3.67924 -4.97581 -4.63863 -4.99621 -4.2047 -4.01783 -2.90558 -4.97467 -4.76809 -5.50931 -4.40258 -4.07346 -4.34922 -3.68028 -4.02218 -7.67738 -5.12809 0.939576 0.0115355 0.0487691 0.325772 0.674243 0.25 0.75 7.513 1 0 
0.979 0.004 0 0.001 0 0.009 0.002 0.004 0.560707 0.366499 0.072794 -5.09923 -6.77156 -6.4358 -6.02205 -3.96327 -5.72534 -5.64798 -5.20513 -5.80693 -3.83184 -6.42159 -6.40829 -6.62749 -5.6228 -5.52637 -6.10553 -5.53014 -5.15103 -1.03436 -3.49159 0.944732 0.0101057 0.0452745 0.931818 0.0681818 0.779219 0.221044 7.473 1 2.772 
0.955 0.009 0 0.001 0 0.029 0.002 0.003 0.091956 0.601946 0.306098 -3.9491 -6.3065 -4.94483 -3.20227 -4.99691 -4.12943 -4.75039 -4.37618 -3.80457 -3.48968 -5.47005 -5.14984 -5.55932 -4.15259 -3.31165 -4.69534 -4.63716 -3.69683 -6.51232 -4.24811 0.967743 0.0124664 0.0195264 0.931818 0.0681818 0.195754 0.804472 7.484 1 3.358 
0.851 0.014 0 0.002 0 0.115 0.007 0.01 0.012325 0.12191 0.865765 -3.6132 -6.95714 -3.6841 -3.47711 -5.4834 -4.25286 -4.48374 -5.32806 -3.71814 -4.44293 -5.3704 -3.81126 -5.35882 -3.51389 -4.07345 -4.15669 -3.4497 -4.87666 -7.91015 -5.37307 0.941496 0.0380695 0.020367 0.968867 0.0311332 0.304164 0.69601 7.481 2.309 3.562 
0.69 0.011 0 0.003 0.002 0.179 0.065 0.05 0.086718 0.566597 0.346685 -4.37019 -5.87672 -4.70584 -4.36856 -5.82311 -4.6391 -5.15606 -5.26316 -2.9178 -4.18812 -4.97449 -4.98033 -5.42415 -3.37754 -2.54491 -4.22416 -3.87112 -4.48604 -6.69277 -5.84649 0.943438 0.0378742 0.0190207 0.643703 0.356418 0.563795 0.436215 7.479 2.45 3.492 
0.407 0.008 0 0.003 0.013 0.359 0.082 0.129 0 0.131808 0.864122 -4.1441 -7.06486 -3.67243 -2.85441 -6.09566 -4.4286 -3.77771 -5.63787 -3.47675 -4.39377 -5.96463 -3.14583 -5.11834 -4.48054 -4.30078 -4.05733 -4.23876 -4.60196 -8.05802 -5.78758 0.933127 0.0106472 0.056413 0.477294 0.522749 0.393589 0.606428 7.489 1 3.019 
0.039 0.031 0 0.002 0.005 0.232 0.229 0.462 0.077692 0.387336 0.534972 -3.92473 -5.37986 -4.19879 -4.87052 -5.05983 -1.95852 -4.65147 -5.72477 -4.19729 -4.33873 -6.77382 -5.09962 -4.20635 -5.26178 -4.1614 -3.76542 -4.36019 -4.67516 -7.77807 -4.96327 0.949944 0.00904828 0.0409835 0.325772 0.674243 0.670712 0.329535 7.478 1 4.032 
0.021 0.042 0 0.004 0.007 0.322 0.268 0.337 0 0.182933 0.813596 -3.99099 -6.18859 -3.68457 -3.57795 -5.94414 -3.89007 -4.65659 -5.47077 -3.45987 -4.57032 -6.3383 -4.22574 -3.83682 -4.60205 -3.79344 -3.34018 -3.89348 -4.9849 -6.13913 -5.49778 0.931204 0.0275521 0.0412476 0.968421 0.0315789 0.14422 0.855596 7.487 2.275 3.546 
0.034 0.04 0 0.01 0.025 0.306 0.215 0.371 0.011203 0.275435 0.713362 -4.20343 -5.66004 -3.1494 -3.84429 -5.92611 -3.19635 -4.5433 -5.28763 -3.72664 -4.3673 -6.74949 -3.46161 -4.93547 -4.66703 -3.96737 -3.77247 -4.07902 -5.02686 -8.00151 -5.44607 0.965059 0.0136255 0.0210172 0.931818 0.0681818 0.350609 0.649567 7.442 1 4.057 
0.045 0.01 0 0.018 0.022 0.021 0.11 0.773 0.734126 0.234097 0.031777 -2.06925 -5.2275 -5.11809 -4.42945 -4.71735 -3.45403 -5.03514 -4.73024 -4.56631 -3.84925 -6.35826 -5.24283 -4.18832 -5.28541 -5.23734 -4.54889 -4.29926 -3.7619 -6.29257 -5.3188 0.97038 0.0184202 0.0115102 0.954435 0.045565 0.767741 0.232022 7.441 1.546 3.807 
0.057 0.002 0 0.014 0.152 0.006 0.027 0.742 0.514423 0.36502 0.120557 -3.7292 -5.63142 -4.10217 -4.72055 -6.27369 -4.67611 -5.51776 -5.36949 -4.14468 -4.53504 -5.48923 -4.00341 -4.70911 -5.60688 -4.69926 -3.57138 -1.83714 -4.6577 -8.11309 -5.60818 0.931215 0.0661859 0.00262985 0.518102 0.481909 0.966755 0.0332447 7.505 3.406 2.156 
0.988 0.004 0 0 0 0.005 0.001 0.002 0.61692 0.303056 0.080024 -4.08511 -5.92672 -5.50807 -5.34866 -5.04785 -5.47323 -5.95749 -3.30889 -4.4767 -2.11616 -5.38167 -5.97548 -5.39198 -5.6881 -4.97634 -5.48415 -4.01823 -2.34458 -6.64581 -5.24455 0.983862 0.00262709 0.0135414 0.25 0.75 0.25 0.75 7.513 0 0 
0.991 0.004 0 0 0 0.004 0.001 0 0 0.132335 0.865588 -3.53349 -7.03748 -3.3933 -3.511 -6.41601 -2.86055 -4.82649 -5.68197 -3.74311 -4.4964 -6.74509 -4.08449 -4.96386 -3.66679 -4.2348 -4.61229 -4.26016 -4.43392 -8.0641 -5.32927 0.994738 0.00263089 0.00263089 0.25 0.75 0.931818 0.0681818 7.502 0 1 
0.991 0.004 0 0 0 0.004 0 0.001 0.166339 0.621515 0.212146 -3.77654 -7.00158 -3.55519 -3.54525 -6.2103 -4.22858 -4.82756 -4.84034 -3.48689 -3.74082 -5.46283 -4.00156 -5.43088 -3.84552 -3.73214 -4.5372 -3.93348 -3.93974 -8.01785 -5.92262 0.994746 0.00262709 0.00262709 0.25 0.75 0.25 0.75 7.513 0 0 
1 0 0 0 0 0 0 0 0.934795 0.061051 0 -4.80208 -6.91033 -6.24102 -5.70484 -4.62977 -5.90128 -6.11183 -3.4876 -5.48822 -1.04798 -5.09498 -6.34144 -5.95982 -6.2011 -5.7451 -5.8215 -4.93428 -3.5635 -7.28573 -5.36425 0.994746 0.00262709 0.00262709 0.25 0.75 0.25 0.75 7.513 0 0 
1 0 0 0 0 0 0 0 0.250624 0.598976 0.1504 -3.36813 -4.07995 -5.1558 -4.43328 -4.90615 -4.58974 -5.19902 -3.24122 -3.94056 -3.01279 -5.14681 -5.48055 -5.41485 -4.97379 -4.51892 -5.00146 -3.9602 -3.7083 -7.46944 -4.43333 0.994746 0.00262709 0.00262709 0.25 0.75 0.25 0.75 7.513 0 0 
0.999 0 0 0 0 0.001 0 0 0 0.146716 0.847576 -3.64579 -5.94247 -3.48615 -3.28178 -6.346 -4.2401 -5.39692 -5.54552 -3.47597 -4.23213 -6.62153 -4.52202 -5.07624 -3.56052 -3.98501 -3.91927 -3.49328 -4.50065 -8.04461 -5.4141 0.994746 0.00262709 0.00262709 0.25 0.75 0.25 0.75 7.513 0 0 
0.999 0 0 0 0 0.001 0 0 0.84055 0.144313 0.015137 -2.01737 -5.03325 -5.26372 -4.99831 -5.46961 -4.04657 -5.42399 -3.88439 -4.22987 -3.42732 -5.23307 -5.33942 -5.39824 -5.64458 -5.25622 -4.7381 -4.07371 -3.38164 -7.83427 -5.26142 0.986572 0.0106392 0.00262709 0.325772 0.674243 0.25 0.75 7.513 1 0 
0.998 0.001 0 0 0 0.001 0 0 1 0 0 -4.8284 -6.90798 -6.24142 -5.71525 -4.06677 -5.90406 -6.0482 -3.94121 -5.49591 -1.06121 -4.56261 -6.33557 -5.97771 -6.20108 -5.74694 -5.83388 -4.96095 -3.75226 -7.14251 -4.97358 0.994746 0.00262709 0.00262709 0.25 0.75 0.25 0.75 7.513 0 0 
0.993 0.003 0 0 0 0.004 0 0 0.012313 0.405664 0.582022 -3.85848 -6.97893 -4.20603 -3.33466 -5.56052 -4.59407 -4.79529 -4.78651 -3.46098 -3.63876 -5.37391 -5.0738 -5.47066 -4.34836 -3.02329 -4.23849 -4.04995 -4.21317 -5.73051 -5.08569 0.994753 0.00262364 0.00262364 0.25 0.75 0.25 0.75 7.523 0 0 
0.952 0.004 0 0 0 0.043 0 0 0 0.147238 0.84728 -3.86684 -7.097 -3.2593 -2.89936 -6.38197 -4.21577 -4.85307 -5.40669 -3.21347 -4.38437 -6.70437 -4.08894 -5.37716 -4.06312 -3.80904 -4.09963 -4.07969 -4.83694 -8.0436 -5.26256 0.994749 0.00262536 0.00262536 0.25 0.75 0.25 0.75 7.518 0 0 
0.329 0.004 0 0 0 0.619 0.022 0.027 0.404757 0.442868 0.152375 -3.57267 -4.08527 -5.63122 -5.14652 -5.19043 -4.55171 -5.42773 -2.4808 -5.25418 -3.04847 -3.30059 -5.31686 -5.76552 -6.03465 -5.53695 -4.15202 -4.43142 -3.66716 -7.61794 -5.6107 0.994751 0.00262467 0.00262467 0.25 0.75 0.25 0.75 7.52 0 0 
0.008 0.001 0 0 0.002 0.715 0.012 0.262 0.04733 0.167568 0.785101 -4.2319 -7.16307 -3.25731 -3.29982 -6.85481 -1.87247 -5.25256 -5.69815 -3.98009 -5.08637 -6.36972 -3.62479 -5.52172 -5.05491 -4.6776 -4.57587 -4.47829 -5.27557 -8.33028 -6.2896 0.983191 0.0139711 0.00262467 0.477294 0.522749 0.25 0.75 7.52 1 0 
0.309 0.01 0 0.001 0.002 0.012 0.066 0.601 0.074555 0.738298 0.187147 -4.47021 -6.41262 -5.11448 -4.34068 -5.15009 -4.9454 -4.47272 -5.05323 -3.64923 -3.3405 -5.0141 -5.38678 -5.22896 -4.81792 -1.73941 -5.08068 -4.64794 -4.81294 -7.47859 -5.37457 0.994743 0.00262847 0.00262847 0.25 0.75 0.25 0.75 7.509 0 0 
0.735 0.053 0 0.006 0.004 0.086 0.041 0.075 0 0.085298 0.913132 -3.89849 -6.95923 -4.05489 -3.58691 -4.6765 -3.97995 -4.35534 -4.9073 -3.78338 -4.04856 -5.81271 -3.92157 -4.56318 -3.90945 -4.0623 -4.2716 -4.13223 -4.05929 -7.63499 -4.69428 0.994743 0.00262847 0.00262847 0.25 0.75 0.25 0.75 7.509 0 0 
0.743 0.053 0 0.008 0.003 0.08 0.045 0.067 0.101858 0.619269 0.278873 -4.13173 -7.33296 -1.51871 -3.33054 -6.77578 -4.24494 -4.85552 -6.05545 -4.4212 -5.1249 -7.04045 -4.61233 -5.40814 -4.78156 -4.08013 -4.66584 -4.5352 -5.03909 -8.42367 -5.79494 0.984536 0.00262881 0.0124995 0.25 0.75 0.25 0.75 7.508 0 0 
0.906 0.018 0 0.043 0.001 0.013 0.009 0.01 1 0 0 -3.28451 -4.42708 -5.76664 -5.38604 -5.44752 -5.03018 -6.03372 -2.76271 -5.31271 -2.55631 -5.23778 -5.97934 -5.36797 -6.099 -5.59316 -5.14985 -4.05542 -2.45864 -7.71745 -5.69295 0.994736 0.00263193 0.00263193 0.25 0.75 0.931818 0.0681818 7.499 0 1 
0.911 0.02 0 0.057 0 0.006 0.002 0.004 0.887371 0.101726 0.010903 -2.3227 -5.85765 -5.46819 -5.12627 -5.66729 -4.71874 -5.9087 -3.4674 -4.91701 -2.89129 -5.28494 -5.77723 -5.49394 -5.23934 -5.10076 -4.77968 -4.39782 -2.55229 -7.86778 -5.81436 0.994742 0.00262881 0.00262881 0.25 0.75 0.25 0.75 7.508 0 0 
0.903 0.021 0 0.059 0 0.013 0.002 0.002 0.01047 0.296799 0.692731 -4.08493 -6.25391 -2.76642 -2.48009 -6.45762 -4.69357 -4.90184 -5.33096 -3.84585 -4.15942 -6.19175 -4.72533 -5.38999 -4.22307 -4.0338 -4.57781 -3.84626 -4.39586 -8.2034 -6.04478 0.985184 0.0119168 0.00264375 0.477294 0.522749 0.25 0.75 7.465 1 0 
0.876 0.02 0 0.059 0 0.039 0.001 0.004 0.13574 0.541906 0.322354 -3.48652 -6.79769 -3.88322 -4.08236 -5.4085 -4.88524 -5.59095 -3.76172 -3.286 -3.20675 -5.46291 -4.89747 -5.46931 -4.84949 -5.01525 -3.82396 -4.06684 -3.30412 -7.78094 -4.9968 0.994619 0.00269034 0.00269034 0.25 0.75 0.25 0.75 7.334 0 0 
0.74 0.005 0 0.048 0.007 0.069 0.046 0.085 0.832296 0.143964 0.02374 -4.7146 -6.79335 -6.14854 -5.63952 -4.39698 -5.83408 -6.05491 -2.62956 -5.45037 -1.65481 -4.27271 -6.25997 -5.95756 -6.19271 -5.72712 -5.73658 -4.82192 -2.94596 -7.29199 -4.95303 0.980364 0.0172072 0.00269034 0.931818 0.0681818 0.25 0.75 7.334 1 0 
0.481 0.014 0 0.027 0.013 0.198 0.096 0.17 0.02993 0.431483 0.538587 -4.24708 -5.20883 -4.40037 -2.98792 -4.85819 -4.23308 -5.41507 -4.73579 -3.95599 -3.98557 -4.71858 -3.82587 -5.45542 -4.20429 -3.55093 -4.46076 -3.57958 -4.44266 -7.75875 -5.70927 0.941322 0.0558956 0.00273898 0.258815 0.741122 0.25 0.75 7.202 2.295 0 
0.057 0.096 0 0.008 0.003 0.105 0.462 0.269 0 0.115469 0.880706 -3.77089 -6.87476 -3.65655 -3.94593 -6.59976 -2.89509 -5.52541 -5.25994 -4.08085 -4.76765 -6.76507 -4.29589 -3.57097 -4.51177 -4.73553 -3.00203 -3.66782 -4.71474 -8.25805 -6.15119 0.975537 0.0215737 0.00275406 0.931818 0.0681818 0.25 0.75 7.162 1 0 
0.11 0.208 0 0.003 0.004 0.153 0.231 0.29 0 0.204643 0.791874 -3.27152 -6.89835 -3.66819 -3.09519 -6.07738 -4.28266 -5.43654 -5.30497 -3.75621 -3.72359 -5.26722 -4.25738 -3.91494 -5.0147 -4.38569 -4.60213 -3.60189 -4.38073 -7.94448 -5.12374 0.994203 0.00289855 0.00289855 0.25 0.75 0.25 0.75 6.8 0 0 
0.111 0.224 0 0.013 0.01 0.076 0.133 0.434 0.080468 0.397001 0.522531 -3.2193 -4.79271 -3.89282 -4.10306 -5.18782 -3.68973 -5.48189 -4.8058 -3.92333 -3.7389 -6.35911 -4.7098 -4.79839 -4.69476 -5.00654 -3.57866 -3.40868 -4.18981 -7.71918 -4.90704 0.994045 0.00297752 0.00297752 0.25 0.75 0.25 0.75 6.617 0 0 
0.1 0.192 0 0.032 0.016 0.058 0.129 0.473 0 0.247038 0.744039 -4.02474 -7.06691 -3.20628 -2.17902 -6.55692 -4.60898 -5.32214 -5.24756 -3.87356 -4.70257 -6.66013 -4.97745 -4.63939 -4.15573 -4.80197 -4.48527 -3.05208 -4.86151 -8.28358 -6.09095 0.99402 0.00298998 0.00298998 0.25 0.75 0.25 0.75 6.589 0 0 
0.076 0.158 0 0.035 0.021 0.149 0.151 0.411 0.048787 0.323793 0.627419 -2.65111 -6.45875 -4.64457 -3.77064 -6.42895 -3.05798 -5.47811 -5.49995 -3.82909 -4.60893 -6.57646 -5.06102 -5.0595 -5.45333 -4.87964 -2.51668 -3.88025 -4.70047 -8.10312 -6.01933 0.993517 0.00324149 0.00324149 0.25 0.75 0.25 0.75 6.07 0 0 
0.021 0.097 0 0.026 0.019 0.179 0.206 0.451 0.031449 0.284097 0.684455 -3.42898 -4.7456 -4.56056 -4.08748 -6.15522 -4.35169 -5.30925 -5.26817 -4.12314 -4.40558 -5.56912 -3.55665 -5.05336 -5.4027 -4.8416 -2.88132 -2.70934 -4.53345 -7.93247 -5.77816 0.992837 0.00358166 0.00358166 0.25 0.75 0.25 0.75 5.484 0 0 
0.007 0.072 0 0.029 0.027 0.071 0.176 0.617 0.091639 0.391322 0.517038 -3.9159 -4.65026 -3.85494 -4.44631 -6.14001 -4.18862 -5.2918 -4.73554 -4.54496 -4.39744 -6.38061 -4.19228 -4.94147 -5.37717 -4.86896 -2.06113 -3.45662 -4.50947 -7.86099 -5.72722 0.991947 0.00402658 0.00402658 0.25 0.75 0.25 0.75 4.867 0 0 
0.004 0.043 0 0.016 0.054 0.04 0.001 0.841 0.029775 0.368537 0.601688 -3.61322 -6.5587 -4.90526 -3.90094 -5.17581 -4.78651 -5.29111 -4.69825 -4.75022 -3.87353 -6.07735 -5.37622 -2.43749 -5.50016 -5.06222 -4.89736 -4.2802 -2.99691 -7.12487 -3.56472 0.990861 0.00456934 0.00456934 0.25 0.75 0.25 0.75 4.277 0 0 
0 0 0 0 0 0 0 0.999 0.019431 0.210516 0.770054 -4.01877 -6.0826 -5.52035 -5.03672 -5.05697 -5.18402 -5.74038 -3.10179 -4.95662 -2.96995 -5.22867 -5.70323 -5.4035 -5.75818 -5.27228 -5.09674 -4.14741 -1.8017 -7.44605 -5.31131 0.988352 0.00582411 0.00582411 0.25 0.75 0.25 0.75 3.334 0 0 
